original distortion is :[-0.005631352274398486;
 -0.0814403700181832;
 -0.0003082382428230659;
 5.033988970612649e-005;
 0.02885692105060635]
original  camera matrix is :[263.8980971204186, 0, 300.7406414543275;
 0, 263.9443052389609, 243.1205517956152;
 0, 0, 1]
1.2210946747342867e-002  1.0000000000000000e-002  8.4148655821181251e-005
2.4421893494685733e-002  2.0000000000000000e-002  3.3876770662022437e-004
3.6632840242028605e-002  2.9999999999999999e-002  7.7037306949190310e-004
4.8843786989371467e-002  4.0000000000000001e-002  1.3898135031498171e-003
6.1054733736714342e-002  5.0000000000000003e-002  2.2122539750313308e-003
7.3265680484057211e-002  6.0000000000000005e-002  3.2571524190672108e-003
8.5476627231400079e-002  7.0000000000000007e-002  4.5482299265708903e-003
9.7687573978742934e-002  8.0000000000000002e-002  6.1134344256918993e-003
1.0989852072608580e-001  8.9999999999999997e-002  7.9848979142704835e-003
1.2210946747342867e-001  9.9999999999999992e-002  1.0198887322743211e-002
1.3432041422077154e-001  1.0999999999999999e-001  1.2795749092386899e-002
1.4653136096811439e-001  1.1999999999999998e-001  1.5819847563469658e-002
1.5874230771545728e-001  1.2999999999999998e-001  1.9319497275338549e-002
1.7095325446280013e-001  1.3999999999999999e-001  2.3346889287290118e-002
1.8316420121014301e-001  1.4999999999999999e-001  2.7958011634754421e-002
1.9537514795748587e-001  1.6000000000000000e-001  3.3212564039053483e-002
2.0758609470482878e-001  1.7000000000000001e-001  3.9173866992769923e-002
2.1979704145217166e-001  1.8000000000000002e-001  4.5908765343583013e-002
2.3200798819951451e-001  1.9000000000000003e-001  5.3487526499651494e-002
2.4421893494685742e-001  2.0000000000000004e-001  6.1983733378667694e-002
2.5642988169420028e-001  2.1000000000000005e-001  7.1474172219154752e-002
2.6864082844154313e-001  2.2000000000000006e-001  8.2038715367471760e-002
2.8085177518888604e-001  2.3000000000000007e-001  9.3760199149306445e-002
2.9306272193622890e-001  2.4000000000000007e-001  1.0672429692411001e-001
3.0527366868357181e-001  2.5000000000000006e-001  1.2101938741322371e-001
3.1748461543091466e-001  2.6000000000000006e-001  1.3673641837916861e-001
3.2969556217825752e-001  2.7000000000000007e-001  1.5396876572155715e-001
3.4190650892560043e-001  2.8000000000000008e-001  1.7281208803916481e-001
3.5411745567294328e-001  2.9000000000000009e-001  1.9336417669082451e-001
3.6632840242028619e-001  3.0000000000000010e-001  2.1572480136957672e-001
3.7853934916762899e-001  3.1000000000000011e-001  2.3999555118330296e-001
3.9075029591497190e-001  3.2000000000000012e-001  2.6627967121304330e-001
4.0296124266231481e-001  3.3000000000000013e-001  2.9468189449621818e-001
4.1517218940965767e-001  3.4000000000000014e-001  3.2530826935577295e-001
4.2738313615700058e-001  3.5000000000000014e-001  3.5826598196881942e-001
4.3959408290434349e-001  3.6000000000000015e-001  3.9366317403848328e-001
4.5180502965168629e-001  3.7000000000000016e-001  4.3160875540262378e-001
4.6401597639902920e-001  3.8000000000000017e-001  4.7221221137880853e-001
4.7622692314637211e-001  3.9000000000000018e-001  5.1558340461184127e-001
4.8843786989371490e-001  4.0000000000000019e-001  5.6183237115290385e-001
5.0064881664105787e-001  4.1000000000000020e-001  6.1106911046278078e-001
5.1285976338840078e-001  4.2000000000000021e-001  6.6340336899142205e-001
5.2507071013574358e-001  4.3000000000000022e-001  7.1894441694591027e-001
5.3728165688308649e-001  4.4000000000000022e-001  7.7780081781686494e-001
5.4949260363042940e-001  4.5000000000000023e-001  8.4008019018930735e-001
5.6170355037777220e-001  4.6000000000000024e-001  9.0588896131948982e-001
5.7391449712511511e-001  4.7000000000000025e-001  9.7533211191302982e-001
5.8612544387245802e-001  4.8000000000000026e-001  1.0485129114925718e+000
5.9833639061980082e-001  4.9000000000000027e-001  1.1255326436948376e+000
6.1054733736714362e-001  5.0000000000000022e-001  1.2064903207878341e+000
6.2275828411448653e-001  5.1000000000000023e-001  1.2914823866494007e+000
6.3496923086182944e-001  5.2000000000000024e-001  1.3806024073973022e+000
6.4718017760917224e-001  5.3000000000000025e-001  1.4739407488112199e+000
6.5939112435651515e-001  5.4000000000000026e-001  1.5715842396349045e+000
6.7160207110385806e-001  5.5000000000000027e-001  1.6736158197971696e+000
6.8381301785120097e-001  5.6000000000000028e-001  1.7801141725391600e+000
6.9602396459854388e-001  5.7000000000000028e-001  1.8911533393867863e+000
7.0823491134588668e-001  5.8000000000000029e-001  2.0068023168579252e+000
7.2044585809322959e-001  5.9000000000000030e-001  2.1271246337486227e+000
7.3265680484057250e-001  6.0000000000000031e-001  2.2521779077977921e+000
7.4486775158791541e-001  6.1000000000000032e-001  2.3820133804883126e+000
7.5707869833525820e-001  6.2000000000000033e-001  2.5166754287057502e+000
7.6928964508260123e-001  6.3000000000000034e-001  2.6562010519421975e+000
7.8150059182994402e-001  6.4000000000000035e-001  2.8006193337049012e+000
7.9371153857728682e-001  6.5000000000000036e-001  2.9499508757690363e+000
8.0592248532462984e-001  6.6000000000000036e-001  3.1042072038990565e+000
8.1813343207197264e-001  6.7000000000000037e-001  3.2633901436600610e+000
8.3034437881931544e-001  6.8000000000000038e-001  3.4274911649455175e+000
8.4255532556665846e-001  6.9000000000000039e-001  3.5964906938664720e+000
8.5476627231400126e-001  7.0000000000000040e-001  3.7703573906789245e+000
8.6697721906134406e-001  7.1000000000000041e-001  3.9490473924761460e+000
8.7918816580868708e-001  7.2000000000000042e-001  4.1325035194365256e+000
8.9139911255602988e-001  7.3000000000000043e-001  4.3206544435089089e+000
9.0361005930337268e-001  7.4000000000000044e-001  4.5134138185255690e+000
9.1582100605071570e-001  7.5000000000000044e-001  4.7106793708729278e+000
9.2803195279805850e-001  7.6000000000000045e-001  4.9123319500176787e+000
9.4024289954540141e-001  7.7000000000000046e-001  5.1182345383869343e+000
9.5245384629274432e-001  7.8000000000000047e-001  5.3282312203402293e+000
9.6466479304008712e-001  7.9000000000000048e-001  5.5421461102513447e+000
9.7687573978743003e-001  8.0000000000000049e-001  5.7597822400424770e+000
9.8908668653477294e-001  8.1000000000000050e-001  5.9809204068897559e+000
1.0012976332821157e+000  8.2000000000000051e-001  6.2053179822491922e+000
1.0135085800294585e+000  8.3000000000000052e-001  6.4327076838416986e+000
1.0257195267768016e+000  8.4000000000000052e-001  6.6627963127904977e+000
1.0379304735241444e+000  8.5000000000000053e-001  6.8952634587285955e+000
1.0501414202714872e+000  8.6000000000000054e-001  7.1297601763923080e+000
1.0623523670188302e+000  8.7000000000000055e-001  7.3659076379937405e+000
1.0745633137661730e+000  8.8000000000000056e-001  7.6032957665282952e+000
1.0867742605135160e+000  8.9000000000000057e-001  7.8414818561212574e+000
1.0989852072608588e+000  9.0000000000000058e-001  8.0799891865572793e+000
1.1111961540082018e+000  9.1000000000000059e-001  8.3183056402723601e+000
1.1234071007555446e+000  9.2000000000000060e-001  8.5558823313144572e+000
1.1356180475028874e+000  9.3000000000000060e-001  8.7921322571040896e+000
1.1478289942502304e+000  9.4000000000000061e-001  9.0264289852426636e+000
1.1600399409975732e+000  9.5000000000000062e-001  9.2581053891221963e+000
1.1722508877449163e+000  9.6000000000000063e-001  9.4864524476806267e+000
1.1844618344922591e+000  9.7000000000000064e-001  9.7107181263081710e+000
1.1966727812396019e+000  9.8000000000000065e-001  9.9301063576366477e+000
1.2088837279869449e+000  9.9000000000000066e-001  1.0143776142711269e+001
1.2210946747342877e+000  1.0000000000000007e+000  1.0350840794838923e+001
1.2333056214816305e+000  1.0100000000000007e+000  1.0550367350198165e+001
1.2455165682289735e+000  1.0200000000000007e+000  1.0741376171056171e+001
1.2577275149763163e+000  1.0300000000000007e+000  1.0922840769128840e+001
1.2699384617236591e+000  1.0400000000000007e+000  1.1093687878200399e+001
1.2821494084710021e+000  1.0500000000000007e+000  1.1252797806538339e+001
1.2943603552183449e+000  1.0600000000000007e+000  1.1399005100845439e+001
1.3065713019656877e+000  1.0700000000000007e+000  1.1531099554419090e+001
1.3187822487130307e+000  1.0800000000000007e+000  1.1647827592774185e+001
1.3309931954603735e+000  1.0900000000000007e+000  1.1747894070154775e+001
1.3432041422077163e+000  1.1000000000000008e+000  1.1829964510036373e+001
1.3554150889550594e+000  1.1100000000000008e+000  1.1892667821823366e+001
1.3676260357024022e+000  1.1200000000000008e+000  1.1934599524392375e+001
1.3798369824497450e+000  1.1300000000000008e+000  1.1954325504843544e+001
1.3920479291970880e+000  1.1400000000000008e+000  1.1950386337715702e+001
1.4042588759444308e+000  1.1500000000000008e+000  1.1921302185928750e+001
1.4164698226917736e+000  1.1600000000000008e+000  1.1865578299775080e+001
1.4286807694391166e+000  1.1700000000000008e+000  1.1781711124339767e+001
1.4408917161864594e+000  1.1800000000000008e+000  1.1668195018759576e+001
1.4531026629338022e+000  1.1900000000000008e+000  1.1523529582721670e+001
