original distortion is :[0.01086768511765211;
 -0.1183409748156152;
 -4.614448134055664e-005;
 -0.0003956024433789575;
 0.05384339606546923]
original  camera matrix is :[260.5852446553158, 0, 303.2459696022794;
 0, 261.1214537325591, 263.9345672711855;
 0, 0, 1]
1.2844925052954391e-002  1.0000000000000000e-002  -1.7898576992747550e-004
2.5689850105908782e-002  2.0000000000000000e-002  -7.1207491219027474e-004
3.8534775158863173e-002  2.9999999999999999e-002  -1.5876720408258826e-003
5.1379700211817564e-002  4.0000000000000001e-002  -2.7864818784584244e-003
6.4224625264771962e-002  5.0000000000000003e-002  -4.2815547261376707e-003
7.7069550317726346e-002  6.0000000000000005e-002  -6.0383499642879812e-003
8.9914475370680744e-002  7.0000000000000007e-002  -8.0148174306460263e-003
1.0275940042363513e-001  8.0000000000000002e-002  -1.0161496479610399e-002
1.1560432547658951e-001  8.9999999999999997e-002  -1.2421632490466905e-002
1.2844925052954390e-001  9.9999999999999992e-002  -1.4731310555993193e-002
1.4129417558249829e-001  1.0999999999999999e-001  -1.7019606052237624e-002
1.5413910063545266e-001  1.1999999999999998e-001  -1.9208751762300746e-002
1.6698402568840706e-001  1.2999999999999998e-001  -2.1214321204787723e-002
1.7982895074136146e-001  1.3999999999999999e-001  -2.2945427798970464e-002
1.9267387579431586e-001  1.4999999999999999e-001  -2.4304939486641253e-002
2.0551880084727026e-001  1.6000000000000000e-001  -2.5189708423201118e-002
2.1836372590022468e-001  1.7000000000000001e-001  -2.5490815349848983e-002
2.3120865095317905e-001  1.8000000000000002e-001  -2.5093828263145213e-002
2.4405357600613345e-001  1.9000000000000003e-001  -2.3879075010668771e-002
2.5689850105908790e-001  2.0000000000000004e-001  -2.1721929458240474e-002
2.6974342611204227e-001  2.1000000000000005e-001  -1.8493110900119625e-002
2.8258835116499664e-001  2.2000000000000006e-001  -1.4058996414134661e-002
2.9543327621795107e-001  2.3000000000000007e-001  -8.2819459025662567e-003
3.0827820127090549e-001  2.4000000000000007e-001  -1.0206396043210830e-003
3.2112312632385986e-001  2.5000000000000006e-001  7.8695720838073413e-003
3.3396805137681423e-001  2.6000000000000006e-001  1.8536306580085871e-002
3.4681297642976866e-001  2.7000000000000007e-001  3.1129774923543962e-002
3.5965790148272309e-001  2.8000000000000008e-001  4.5802395378280458e-002
3.7250282653567746e-001  2.9000000000000009e-001  6.2708394724175776e-002
3.8534775158863188e-001  3.0000000000000010e-001  8.2003397037344605e-002
3.9819267664158625e-001  3.1000000000000011e-001  1.0384399967247049e-001
4.1103760169454068e-001  3.2000000000000012e-001  1.2838733606383990e-001
4.2388252674749510e-001  3.3000000000000013e-001  1.5579062485868711e-001
4.3672745180044942e-001  3.4000000000000014e-001  1.8621070479045709e-001
4.4957237685340384e-001  3.5000000000000014e-001  2.1980355458703915e-001
4.6241730190635832e-001  3.6000000000000015e-001  2.5672379709316129e-001
4.7526222695931264e-001  3.7000000000000016e-001  2.9712418666481000e-001
4.8810715201226706e-001  3.8000000000000017e-001  3.4115507877028328e-001
5.0095207706522149e-001  3.9000000000000018e-001  3.8896388060520870e-001
5.1379700211817581e-001  4.0000000000000019e-001  4.4069448139845147e-001
5.2664192717113023e-001  4.1000000000000020e-001  4.9648666095551963e-001
5.3948685222408466e-001  4.2000000000000021e-001  5.5647547485264681e-001
5.5233177727703908e-001  4.3000000000000022e-001  6.2079061456237206e-001
5.6517670232999351e-001  4.4000000000000022e-001  6.8955574065958647e-001
5.7802162738294793e-001  4.5000000000000023e-001  7.6288778712629846e-001
5.9086655243590225e-001  4.6000000000000024e-001  8.4089623464713714e-001
6.0371147748885667e-001  4.7000000000000025e-001  9.2368235066511151e-001
6.1655640254181110e-001  4.8000000000000026e-001  1.0113383938505915e+000
6.2940132759476541e-001  4.9000000000000027e-001  1.1039467805295855e+000
6.4224625264771984e-001  5.0000000000000022e-001  1.2015792105193990e+000
6.5509117770067427e-001  5.1000000000000023e-001  1.3042957497360064e+000
6.6793610275362869e-001  5.2000000000000024e-001  1.4121438668686537e+000
6.8078102780658301e-001  5.3000000000000025e-001  1.5251574213680952e+000
6.9362595285953743e-001  5.4000000000000026e-001  1.6433555999687099e+000
7.0647087791249186e-001  5.5000000000000027e-001  1.7667417989656542e+000
7.1931580296544617e-001  5.6000000000000028e-001  1.8953024495002468e+000
7.3216072801840060e-001  5.7000000000000028e-001  2.0290057831781505e+000
7.4500565307135513e-001  5.8000000000000029e-001  2.1678005354567320e+000
7.5785057812430945e-001  5.9000000000000030e-001  2.3116145844031433e+000
7.7069550317726399e-001  6.0000000000000031e-001  2.4603535226440210e+000
7.8354042823021830e-001  6.1000000000000032e-001  2.6138991606153406e+000
7.9638535328317261e-001  6.2000000000000033e-001  2.7721079595824483e+000
8.0923027833612715e-001  6.3000000000000034e-001  2.9348093933455832e+000
8.2207520338908147e-001  6.4000000000000035e-001  3.1018042380892563e+000
8.3492012844203589e-001  6.5000000000000036e-001  3.2728627904811125e+000
8.4776505349499032e-001  6.6000000000000036e-001  3.4477230148949545e+000
8.6060997854794474e-001  6.7000000000000037e-001  3.6260886215323973e+000
8.7345490360089906e-001  6.8000000000000038e-001  3.8076270782650079e+000
8.8629982865385359e-001  6.9000000000000039e-001  3.9919675602251736e+000
8.9914475370680791e-001  7.0000000000000040e-001  4.1786988425562832e+000
9.1198967875976222e-001  7.1000000000000041e-001  4.3673671433036132e+000
9.2483460381271676e-001  7.2000000000000042e-001  4.5574739252009389e+000
9.3767952886567107e-001  7.3000000000000043e-001  4.7484736670986294e+000
9.5052445391862550e-001  7.4000000000000044e-001  4.9397716179967910e+000
9.6336937897157993e-001  7.5000000000000044e-001  5.1307215491021907e+000
9.7621430402453435e-001  7.6000000000000045e-001  5.3206235220274234e+000
9.8905922907748867e-001  7.7000000000000046e-001  5.5087216941975825e+000
1.0019041541304432e+000  7.8000000000000047e-001  5.6942021857202763e+000
1.0147490791833975e+000  7.9000000000000048e-001  5.8761910354029778e+000
1.0275940042363518e+000  8.0000000000000049e-001  6.0537522772500019e+000
1.0404389292893064e+000  8.1000000000000050e-001  6.2258861726160353e+000
1.0532838543422607e+000  8.2000000000000051e-001  6.3915276371962149e+000
1.0661287793952150e+000  8.3000000000000052e-001  6.5495449061502731e+000
1.0789737044481695e+000  8.4000000000000052e-001  6.6987384848215870e+000
1.0918186295011238e+000  8.5000000000000053e-001  6.8378404366506107e+000
1.1046635545540784e+000  8.6000000000000054e-001  6.9655140638911206e+000
1.1175084796070327e+000  8.7000000000000055e-001  7.0803540405088849e+000
1.1303534046599872e+000  8.8000000000000056e-001  7.1808870600369445e+000
1.1431983297129416e+000  8.9000000000000057e-001  7.2655730640228011e+000
1.1560432547658961e+000  9.0000000000000058e-001  7.3328071188554000e+000
1.1688881798188504e+000  9.1000000000000059e-001  7.3809220100048867e+000
1.1817331048718047e+000  9.2000000000000060e-001  7.4081916228331712e+000
1.1945780299247593e+000  9.3000000000000060e-001  7.4128351779060075e+000
1.2074229549777136e+000  9.4000000000000061e-001  7.3930223859229871e+000
1.2202678800306679e+000  9.5000000000000062e-001  7.3468795827357436e+000
1.2331128050836224e+000  9.6000000000000063e-001  7.2724968982128990e+000
1.2459577301365767e+000  9.7000000000000064e-001  7.1679365037133680e+000
1.2588026551895311e+000  9.8000000000000065e-001  7.0312419714549712e+000
1.2716475802424856e+000  9.9000000000000066e-001  6.8604487649680301e+000
1.2844925052954399e+000  1.0000000000000007e+000  6.6535958630120851e+000
1.2973374303483942e+000  1.0100000000000007e+000  6.4087384997951746e+000
1.3101823554013488e+000  1.0200000000000007e+000  6.1239619821495284e+000
1.3230272804543031e+000  1.0300000000000007e+000  5.7973965196712163e+000
1.3358722055072576e+000  1.0400000000000007e+000  5.4272329770371774e+000
1.3487171305602119e+000  1.0500000000000007e+000  5.0117394292199746e+000
1.3615620556131665e+000  1.0600000000000007e+000  4.5492783707139273e+000
1.3744069806661208e+000  1.0700000000000007e+000  4.0383243999058793e+000
1.3872519057190753e+000  1.0800000000000007e+000  3.4774821702352021e+000
1.4000968307720296e+000  1.0900000000000007e+000  2.8655043717856099e+000
1.4129417558249839e+000  1.1000000000000008e+000  2.2013094815278134e+000
1.4257866808779385e+000  1.1100000000000008e+000  1.4839989987374569e+000
1.4386316059308928e+000  1.1200000000000008e+000  7.1287386531970753e-001
1.4514765309838471e+000  1.1300000000000008e+000  -1.1255023998208991e-001
1.4643214560368016e+000  1.1400000000000008e+000  -9.9252904819085996e-001
1.4771663810897560e+000  1.1500000000000008e+000  -1.9270775979186694e+000
1.4900113061427103e+000  1.1600000000000008e+000  -2.9159601818961822e+000
1.5028562311956648e+000  1.1700000000000008e+000  -3.9586826177673062e+000
1.5157011562486191e+000  1.1800000000000008e+000  -5.0544870877210046e+000
1.5285460813015734e+000  1.1900000000000008e+000  -6.2023497518040589e+000
