original distortion is :[-0.008491286344177387;
 -0.07146886272828608;
 -2.489220312015196e-005;
 0.0001128385894357831;
 0.0219574549171086]
original  camera matrix is :[260.1203949444483, 0, 300.2266926986101;
 0, 260.3947952308255, 228.5165529895688;
 0, 0, 1]
1.2082705826665003e-002  1.0000000000000000e-002  1.2411827396974218e-004
2.4165411653330006e-002  2.0000000000000000e-002  4.9830246322546401e-004
3.6248117479995005e-002  2.9999999999999999e-002  1.1280383474421285e-003
4.8330823306660012e-002  4.0000000000000001e-002  2.0224611552377425e-003
6.0413529133325018e-002  5.0000000000000003e-002  3.1943439733783663e-003
7.2496234959990011e-002  6.0000000000000005e-002  4.6600815496899983e-003
8.4578940786655024e-002  7.0000000000000007e-002  6.4396695194535170e-003
9.6661646613320024e-002  8.0000000000000002e-002  8.5566790936519865e-003
1.0874435243998502e-001  8.9999999999999997e-002  1.1038227254456245e-002
1.2082705826665002e-001  9.9999999999999992e-002  1.3914942511372708e-002
1.3290976409331501e-001  1.0999999999999999e-001  1.7220926277761173e-002
1.4499246991998002e-001  1.1999999999999998e-001  2.0993709934535865e-002
1.5707517574664501e-001  1.2999999999999998e-001  2.5274207653325220e-002
1.6915788157331002e-001  1.3999999999999999e-001  3.0106665056561788e-002
1.8124058739997503e-001  1.4999999999999999e-001  3.5538603796481105e-002
1.9332329322664005e-001  1.6000000000000000e-001  4.1620762139005230e-002
2.0540599905330506e-001  1.7000000000000001e-001  4.8407031641084508e-002
2.1748870487997007e-001  1.8000000000000002e-001  5.5954390012491473e-002
2.2957141070663506e-001  1.9000000000000003e-001  6.4322830254148755e-002
2.4165411653330010e-001  2.0000000000000004e-001  7.3575286165183940e-002
2.5373682235996509e-001  2.1000000000000005e-001  8.3777554310704438e-002
2.6581952818663013e-001  2.2000000000000006e-001  9.4998212540442495e-002
2.7790223401329517e-001  2.3000000000000007e-001  1.0730853514484551e-001
2.8998493983996015e-001  2.4000000000000007e-001  1.2078240473347712e-001
3.0206764566662514e-001  2.5000000000000006e-001  1.3549622091346691e-001
3.1415035149329013e-001  2.6000000000000006e-001  1.5152880584141659e-001
3.2623305731995517e-001  2.7000000000000007e-001  1.6896130671455456e-001
3.3831576314662021e-001  2.8000000000000008e-001  1.8787709525889262e-001
3.5039846897328519e-001  2.9000000000000009e-001  2.0836166426256852e-001
3.6248117479995023e-001  3.0000000000000010e-001  2.3050252119276582e-001
3.7456388062661516e-001  3.1000000000000011e-001  2.5438907892234575e-001
3.8664658645328021e-001  3.2000000000000012e-001  2.8011254357989124e-001
3.9872929227994525e-001  3.3000000000000013e-001  3.0776579952314087e-001
4.1081199810661023e-001  3.4000000000000014e-001  3.3744329142020302e-001
4.2289470393327527e-001  3.5000000000000014e-001  3.6924090340733073e-001
4.3497740975994031e-001  3.6000000000000015e-001  4.0325583527407449e-001
4.4706011558660524e-001  3.7000000000000016e-001  4.3958647560871089e-001
4.5914282141327029e-001  3.8000000000000017e-001  4.7833227181628413e-001
4.7122552723993533e-001  3.9000000000000018e-001  5.1959359690179063e-001
4.8330823306660031e-001  4.0000000000000019e-001  5.6347161288814451e-001
4.9539093889326535e-001  4.1000000000000020e-001  6.1006813071566857e-001
5.0747364471993039e-001  4.2000000000000021e-001  6.5948546644609696e-001
5.1955635054659532e-001  4.3000000000000022e-001  7.1182629356763005e-001
5.3163905637326037e-001  4.4000000000000022e-001  7.6719349117209124e-001
5.4372176219992541e-001  4.5000000000000023e-001  8.2568998774692481e-001
5.5580446802659034e-001  4.6000000000000024e-001  8.8741860029586395e-001
5.6788717385325538e-001  4.7000000000000025e-001  9.5248186847323169e-001
5.7996987967992042e-001  4.8000000000000026e-001  1.0209818833845086e+000
5.9205258550658546e-001  4.9000000000000027e-001  1.0930201106750026e+000
6.0413529133325039e-001  5.0000000000000022e-001  1.1686972074946178e+000
6.1621799715991543e-001  5.1000000000000023e-001  1.2481128328931002e+000
6.2830070298658047e-001  5.2000000000000024e-001  1.3313654511649009e+000
6.4038340881324540e-001  5.3000000000000025e-001  1.4185521276270929e+000
6.5246611463991044e-001  5.4000000000000026e-001  1.5097683162763165e+000
6.6454882046657548e-001  5.5000000000000027e-001  1.6051076387340268e+000
6.7663152629324042e-001  5.6000000000000028e-001  1.7046616538496817e+000
6.8871423211990546e-001  5.7000000000000028e-001  1.8085196172936691e+000
7.0079693794657050e-001  5.8000000000000029e-001  1.9167682304308986e+000
7.1287964377323554e-001  5.9000000000000030e-001  2.0294913777270551e+000
7.2496234959990058e-001  6.0000000000000031e-001  2.1467698518980338e+000
7.3704505542656562e-001  6.1000000000000032e-001  2.2686810659734880e+000
7.4912776125323055e-001  6.2000000000000033e-001  2.3952987514045176e+000
7.6121046707989570e-001  6.3000000000000034e-001  2.5266926413058055e+000
7.7329317290656063e-001  6.4000000000000035e-001  2.6629281378826475e+000
7.8537587873322556e-001  6.5000000000000036e-001  2.8040659630555798e+000
7.9745858455989072e-001  6.6000000000000036e-001  2.9501617912573996e+000
8.0954129038655565e-001  6.7000000000000037e-001  3.1012658633424950e+000
8.2162399621322058e-001  6.8000000000000038e-001  3.2574225805153567e+000
8.3370670203988573e-001  6.9000000000000039e-001  3.4186700771542622e+000
8.4578940786655066e-001  7.0000000000000040e-001  3.5850397713800497e+000
8.5787211369321570e-001  7.1000000000000041e-001  3.7565558921968556e+000
8.6995481951988074e-001  7.2000000000000042e-001  3.9332349820140333e+000
8.8203752534654578e-001  7.3000000000000043e-001  4.1150853733473491e+000
8.9412023117321071e-001  7.4000000000000044e-001  4.3021066384921092e+000
9.0620293699987586e-001  7.5000000000000044e-001  4.4942890109654243e+000
9.1828564282654079e-001  7.6000000000000045e-001  4.6916127775266991e+000
9.3036834865320572e-001  7.7000000000000046e-001  4.8940476396104993e+000
9.4245105447987088e-001  7.8000000000000047e-001  5.1015520430412575e+000
9.5453376030653581e-001  7.9000000000000048e-001  5.3140724749511037e+000
9.6661646613320074e-001  8.0000000000000049e-001  5.5315427268880502e+000
9.7869917195986589e-001  8.1000000000000050e-001  5.7538831231878307e+000
9.9078187778653082e-001  8.2000000000000051e-001  5.9809997137877602e+000
1.0028645836131957e+000  8.3000000000000052e-001  6.2127834307914132e+000
1.0149472894398610e+000  8.4000000000000052e-001  6.4491092082461954e+000
1.0270299952665258e+000  8.5000000000000053e-001  6.6898350647812244e+000
1.0391127010931909e+000  8.6000000000000054e-001  6.9348011489677619e+000
1.0511954069198559e+000  8.7000000000000055e-001  7.1838287475156193e+000
1.0632781127465210e+000  8.8000000000000056e-001  7.4367192567086571e+000
1.0753608185731860e+000  8.9000000000000057e-001  7.6932531178150798e+000
1.0874435243998510e+000  9.0000000000000058e-001  7.9531887175852134e+000
1.0995262302265161e+000  9.1000000000000059e-001  8.2162612553796421e+000
1.1116089360531809e+000  9.2000000000000060e-001  8.4821815789515966e+000
1.1236916418798459e+000  9.3000000000000060e-001  8.7506349914489476e+000
1.1357743477065110e+000  9.4000000000000061e-001  9.0212800328030909e+000
1.1478570535331760e+000  9.5000000000000062e-001  9.2937472393408207e+000
1.1599397593598411e+000  9.6000000000000063e-001  9.5676378861918376e+000
1.1720224651865061e+000  9.7000000000000064e-001  9.8425227178754238e+000
1.1841051710131709e+000  9.8000000000000065e-001  1.0117940673332647e+001
1.1961878768398362e+000  9.9000000000000066e-001  1.0393397612633869e+001
1.2082705826665010e+000  1.0000000000000007e+000  1.0668365053627781e+001
1.2203532884931660e+000  1.0100000000000007e+000  1.0942278927917215e+001
1.2324359943198311e+000  1.0200000000000007e+000  1.1214538366737337e+001
1.2445187001464961e+000  1.0300000000000007e+000  1.1484504528578675e+001
1.2566014059731612e+000  1.0400000000000007e+000  1.1751499481730331e+001
1.2686841117998262e+000  1.0500000000000007e+000  1.2014805156312548e+001
1.2807668176264912e+000  1.0600000000000007e+000  1.2273662381812066e+001
1.2928495234531561e+000  1.0700000000000007e+000  1.2527270027616977e+001
1.3049322292798213e+000  1.0800000000000007e+000  1.2774784265550586e+001
1.3170149351064862e+000  1.0900000000000007e+000  1.3015317974910023e+001
1.3290976409331512e+000  1.1000000000000008e+000  1.3247940311999740e+001
1.3411803467598162e+000  1.1100000000000008e+000  1.3471676467582627e+001
1.3532630525864813e+000  1.1200000000000008e+000  1.3685507637022653e+001
1.3653457584131461e+000  1.1300000000000008e+000  1.3888371229124076e+001
1.3774284642398114e+000  1.1400000000000008e+000  1.4079161340738278e+001
1.3895111700664762e+000  1.1500000000000008e+000  1.4256729525069023e+001
1.4015938758931412e+000  1.1600000000000008e+000  1.4419885882201179e+001
1.4136765817198063e+000  1.1700000000000008e+000  1.4567400500657367e+001
1.4257592875464713e+000  1.1800000000000008e+000  1.4698005278686544e+001
1.4378419933731363e+000  1.1900000000000008e+000  1.4810396153449235e+001
