original distortion is :[0.00422177546925815;
 -0.1042613021129418;
 -0.0002024144700783234;
 0.0004510431443938347;
 0.04518523453950085]
original  camera matrix is :[259.9172594846927, 0, 324.9892599499397;
 0, 260.0406207507019, 235.0351470108674;
 0, 0, 1]
1.2856900949033545e-002  1.0000000000000000e-002  -6.9500995059090798e-005
2.5713801898067091e-002  2.0000000000000000e-002  -2.7458603379937330e-004
3.8570702847100638e-002  2.9999999999999999e-002  -6.0500876299940387e-004
5.1427603796134182e-002  4.0000000000000001e-002  -1.0437168637911221e-003
6.4284504745167739e-002  5.0000000000000003e-002  -1.5668893978082465e-003
7.7141405694201276e-002  6.0000000000000005e-002  -2.1439889746899254e-003
8.9998306643234827e-002  7.0000000000000007e-002  -2.7378286260981710e-003
1.0285520759226836e-001  8.0000000000000002e-002  -3.3046532402214446e-003
1.1571210854130190e-001  8.9999999999999997e-002  -3.7942353838804621e-003
1.2856900949033545e-001  9.9999999999999992e-002  -4.1499853104087769e-003
1.4142591043936897e-001  1.0999999999999999e-001  -4.3090749313190457e-003
1.5428281138840252e-001  1.1999999999999998e-001  -4.2025755055075109e-003
1.6713971233743607e-001  1.2999999999999998e-001  -3.7556087861045917e-003
1.7999661328646963e-001  1.3999999999999999e-001  -2.8875113479487347e-003
1.9285351423550318e-001  1.4999999999999999e-001  -1.5120118116995762e-003
2.0571041518453673e-001  1.6000000000000000e-001  4.6257932637683297e-004
2.1856731613357031e-001  1.7000000000000001e-001  3.1331675514501001e-003
2.3142421708260386e-001  1.8000000000000002e-001  6.6016601614871107e-003
2.4428111803163738e-001  1.9000000000000003e-001  1.0974740353941748e-002
2.5713801898067096e-001  2.0000000000000004e-001  1.6363629834725835e-002
2.6999491992970454e-001  2.1000000000000005e-001  2.2883840198262284e-002
2.8285182087873806e-001  2.2000000000000006e-001  3.0654913304806186e-002
2.9570872182777164e-001  2.3000000000000007e-001  3.9800150851276861e-002
3.0856562277680516e-001  2.4000000000000007e-001  5.0446333300491197e-002
3.2142252372583874e-001  2.5000000000000006e-001  6.2723428291899808e-002
3.3427942467487226e-001  2.6000000000000006e-001  7.6764288614650233e-002
3.4713632562390578e-001  2.7000000000000007e-001  9.2704339774440925e-002
3.5999322657293942e-001  2.8000000000000008e-001  1.1068125712918597e-001
3.7285012752197294e-001  2.9000000000000009e-001  1.3083463251142291e-001
3.8570702847100652e-001  3.0000000000000010e-001  1.5330563018871590e-001
3.9856392942004004e-001  3.1000000000000011e-001  1.7823663194562744e-001
4.1142083036907362e-001  3.2000000000000012e-001  2.0577087099526992e-001
4.2427773131810720e-001  3.3000000000000013e-001  2.3605205435095478e-001
4.3713463226714067e-001  3.4000000000000014e-001  2.6922397320510161e-001
4.4999153321617430e-001  3.5000000000000014e-001  3.0543010077574984e-001
4.6284843416520788e-001  3.6000000000000015e-001  3.4481317698962233e-001
4.7570533511424135e-001  3.7000000000000016e-001  3.8751477927716493e-001
4.8856223606327492e-001  3.8000000000000017e-001  4.3367487865613175e-001
5.0141913701230856e-001  3.9000000000000018e-001  4.8343138018012155e-001
5.1427603796134203e-001  4.0000000000000019e-001  5.3691964672528680e-001
5.2713293891037560e-001  4.1000000000000020e-001  5.9427200498207711e-001
5.3998983985940918e-001  4.2000000000000021e-001  6.5561723241260861e-001
5.5284674080844265e-001  4.3000000000000022e-001  7.2108002382538228e-001
5.6570364175747634e-001  4.4000000000000022e-001  7.9078043611038318e-001
5.7856054270650992e-001  4.5000000000000023e-001  8.6483330956905746e-001
5.9141744365554338e-001  4.6000000000000024e-001  9.4334766416586113e-001
6.0427434460457696e-001  4.7000000000000025e-001  1.0264260689230920e+000
6.1713124555361054e-001  4.8000000000000026e-001  1.1141639825775984e+000
6.2998814650264401e-001  4.9000000000000027e-001  1.2066490635201932e+000
6.4284504745167759e-001  5.0000000000000022e-001  1.3039604469464061e+000
6.5570194840071117e-001  5.1000000000000023e-001  1.4061679870619237e+000
6.6855884934974474e-001  5.2000000000000024e-001  1.5133314621107674e+000
6.8141575029877821e-001  5.3000000000000025e-001  1.6254997399293813e+000
6.9427265124781179e-001  5.4000000000000026e-001  1.7427099016810166e+000
7.0712955219684537e-001  5.5000000000000027e-001  1.8649863213883844e+000
7.1998645314587884e-001  5.6000000000000028e-001  1.9923396988716702e+000
7.3284335409491241e-001  5.7000000000000028e-001  2.1247660437058835e+000
7.4570025504394610e-001  5.8000000000000029e-001  2.2622456078490671e+000
7.5855715599297957e-001  5.9000000000000030e-001  2.4047417646613889e+000
7.7141405694201326e-001  6.0000000000000031e-001  2.5521998321393902e+000
7.8427095789104673e-001  6.1000000000000032e-001  2.7045458383375243e+000
7.9712785884008019e-001  6.2000000000000033e-001  2.8616852271438509e+000
8.0998475978911388e-001  6.3000000000000034e-001  3.0235015028283740e+000
8.2284166073814735e-001  6.4000000000000035e-001  3.1898548120943726e+000
8.3569856168718093e-001  6.5000000000000036e-001  3.3605804627474312e+000
8.4855546263621451e-001  6.6000000000000036e-001  3.5354873785593988e+000
8.6141236358524809e-001  6.7000000000000037e-001  3.7143564904556392e+000
8.7426926453428155e-001  6.8000000000000038e-001  3.8969390648041502e+000
8.8712616548331524e-001  6.9000000000000039e-001  4.0829549703435442e+000
8.9998306643234871e-001  7.0000000000000040e-001  4.2720908861669571e+000
9.1283996738138218e-001  7.1000000000000041e-001  4.4639984541880340e+000
9.2569686833041587e-001  7.2000000000000042e-001  4.6582923806705923e+000
9.3855376927944945e-001  7.3000000000000043e-001  4.8545484927104088e+000
9.5141067022848291e-001  7.4000000000000044e-001  5.0523017570321294e+000
9.6426757117751660e-001  7.5000000000000044e-001  5.2510442701155791e+000
9.7712447212655007e-001  7.6000000000000045e-001  5.4502232305013498e+000
9.8998137307558354e-001  7.7000000000000046e-001  5.6492389061565618e+000
1.0028382740246173e+000  7.8000000000000047e-001  5.8474426120125766e+000
1.0156951749736507e+000  7.9000000000000048e-001  6.0441347152182745e+000
1.0285520759226843e+000  8.0000000000000049e-001  6.2385626882887291e+000
1.0414089768717179e+000  8.1000000000000050e-001  6.4299192331594979e+000
1.0542658778207514e+000  8.2000000000000051e-001  6.6173405021738185e+000
1.0671227787697850e+000  8.3000000000000052e-001  6.7999044452151658e+000
1.0799796797188186e+000  8.4000000000000052e-001  6.9766293155217429e+000
1.0928365806678522e+000  8.5000000000000053e-001  7.1464723701541111e+000
1.1056934816168855e+000  8.6000000000000054e-001  7.3083288045774353e+000
1.1185503825659193e+000  8.7000000000000055e-001  7.4610309643169170e+000
1.1314072835149527e+000  8.8000000000000056e-001  7.6033478800688226e+000
1.1442641844639863e+000  8.9000000000000057e-001  7.7339851759214984e+000
1.1571210854130198e+000  9.0000000000000058e-001  7.8515854033535337e+000
1.1699779863620534e+000  9.1000000000000059e-001  7.9547288563160512e+000
1.1828348873110870e+000  9.2000000000000060e-001  8.0419349248368466e+000
1.1956917882601206e+000  9.3000000000000060e-001  8.1116640460557665e+000
1.2085486892091541e+000  9.4000000000000061e-001  8.1623203122503707e+000
1.2214055901581875e+000  9.5000000000000062e-001  8.1922547950573410e+000
1.2342624911072213e+000  9.6000000000000063e-001  8.1997696435542000e+000
1.2471193920562547e+000  9.7000000000000064e-001  8.1831230109440369e+000
1.2599762930052882e+000  9.8000000000000065e-001  8.1405348600872109e+000
1.2728331939543218e+000  9.9000000000000066e-001  8.0701936918697648e+000
1.2856900949033554e+000  1.0000000000000007e+000  7.9702642322126538e+000
1.2985469958523890e+000  1.0100000000000007e+000  7.8388961032686000e+000
1.3114038968014226e+000  1.0200000000000007e+000  7.6742334919202015e+000
1.3242607977504561e+000  1.0300000000000007e+000  7.4744258140228892e+000
1.3371176986994895e+000  1.0400000000000007e+000  7.2376393559401064e+000
1.3499745996485233e+000  1.0500000000000007e+000  6.9620698558740202e+000
1.3628315005975569e+000  1.0600000000000007e+000  6.6459559664760803e+000
1.3756884015465902e+000  1.0700000000000007e+000  6.2875935174929953e+000
1.3885453024956240e+000  1.0800000000000007e+000  5.8853504731428696e+000
1.4014022034446574e+000  1.0900000000000007e+000  5.4376824540127711e+000
1.4142591043936910e+000  1.1000000000000008e+000  4.9431486681157821e+000
1.4271160053427245e+000  1.1100000000000008e+000  4.4004280710593369e+000
1.4399729062917581e+000  1.1200000000000008e+000  3.8083355518462092e+000
1.4528298072407917e+000  1.1300000000000008e+000  3.1658379195406816e+000
1.4656867081898253e+000  1.1400000000000008e+000  2.4720694478004068e+000
1.4785436091388588e+000  1.1500000000000008e+000  1.7263467200420601e+000
1.4914005100878922e+000  1.1600000000000008e+000  9.2818250868529351e-001
1.5042574110369260e+000  1.1700000000000008e+000  7.7298418342741648e-002
1.5171143119859594e+000  1.1800000000000008e+000  -8.2636397428572650e-001
1.5299712129349929e+000  1.1900000000000008e+000  -1.7826337411498527e+000
