original distortion is :[-0.002442084555307823;
 -0.08856446869493904;
 0.0009436037121660726;
 -0.0001907320215711518;
 0.03130083456099986]
original  camera matrix is :[259.2640045859104, 0, 299.7807128161481;
 0, 259.273352697026, 228.9230011661363;
 0, 0, 1]
1.2123663181922232e-002  1.0000000000000000e-002  3.6085880772418477e-005
2.4247326363844465e-002  2.0000000000000000e-002  1.4663911256374007e-004
3.6370989545766695e-002  2.9999999999999999e-002  3.3854293695068094e-004
4.8494652727688929e-002  4.0000000000000001e-002  6.2325767400395193e-004
6.0618315909611170e-002  5.0000000000000003e-002  1.0168031237212105e-003
7.2741979091533390e-002  6.0000000000000005e-002  1.5397339782063924e-003
8.4865642273455638e-002  7.0000000000000007e-002  2.2171082940003473e-003
9.6989305455377858e-002  8.0000000000000002e-002  3.0784490875568338e-003
1.0911296863730009e-001  8.9999999999999997e-002  4.1576991296476962e-003
1.2123663181922231e-001  9.9999999999999992e-002  5.4931690261605937e-003
1.3336029500114455e-001  1.0999999999999999e-001  7.1274786841213356e-003
1.4548395818306678e-001  1.1999999999999998e-001  9.1074922723421992e-003
1.5760762136498901e-001  1.2999999999999998e-001  1.1484246794135622e-002
1.6973128454691122e-001  1.3999999999999999e-001  1.4312874399102782e-002
1.8185494772883348e-001  1.4999999999999999e-001  1.7652518565736131e-002
1.9397861091075572e-001  1.6000000000000000e-001  2.1566244293769188e-002
2.0610227409267798e-001  1.7000000000000001e-001  2.6120942447116491e-002
2.1822593727460021e-001  1.8000000000000002e-001  3.1387228392154576e-002
2.3034960045652245e-001  1.9000000000000003e-001  3.7439335075561964e-002
2.4247326363844471e-001  2.0000000000000004e-001  4.4355000685247781e-002
2.5459692682036694e-001  2.1000000000000005e-001  5.2215351035278523e-002
2.6672059000228915e-001  2.2000000000000006e-001  6.1104776810738670e-002
2.7884425318421147e-001  2.3000000000000007e-001  7.1110805802088173e-002
2.9096791636613367e-001  2.4000000000000007e-001  8.2323970250675060e-002
3.0309157954805588e-001  2.5000000000000006e-001  9.4837669415848147e-002
3.1521524272997814e-001  2.6000000000000006e-001  1.0874802746316803e-001
3.2733890591190035e-001  2.7000000000000007e-001  1.2415374675796009e-001
3.3946256909382261e-001  2.8000000000000008e-001  1.4115595663319880e-001
3.5158623227574487e-001  2.9000000000000009e-001  1.5985805768219397e-001
3.6370989545766713e-001  3.0000000000000010e-001  1.8036556160676565e-001
3.7583355863958934e-001  3.1000000000000011e-001  2.0278592662932304e-001
3.8795722182151160e-001  3.2000000000000012e-001  2.2722838845399274e-001
4.0008088500343386e-001  3.3000000000000013e-001  2.5380378673514059e-001
4.1220454818535607e-001  3.4000000000000014e-001  2.8262438698463122e-001
4.2432821136727833e-001  3.5000000000000014e-001  3.1380369781897066e-001
4.3645187454920059e-001  3.6000000000000015e-001  3.4745628341634749e-001
4.4857553773112280e-001  3.7000000000000016e-001  3.8369757101937019e-001
4.6069920091304506e-001  3.8000000000000017e-001  4.2264365328494868e-001
4.7282286409496732e-001  3.9000000000000018e-001  4.6441108524479802e-001
4.8494652727688953e-001  4.0000000000000019e-001  5.0911667560191720e-001
4.9707019045881179e-001  4.1000000000000020e-001  5.5687727204685178e-001
5.0919385364073400e-001  4.2000000000000021e-001  6.0780954023658129e-001
5.2131751682265626e-001  4.3000000000000022e-001  6.6202973603330939e-001
5.3344118000457852e-001  4.4000000000000022e-001  7.1965347055613638e-001
5.4556484318650078e-001  4.5000000000000023e-001  7.8079546755103202e-001
5.5768850636842293e-001  4.6000000000000024e-001  8.4556931253558787e-001
5.6981216955034519e-001  4.7000000000000025e-001  9.1408719312584541e-001
5.8193583273226746e-001  4.8000000000000026e-001  9.8645962990040470e-001
5.9405949591418972e-001  4.9000000000000027e-001  1.0627951971051042e+000
6.0618315909611187e-001  5.0000000000000022e-001  1.1432002324475610e+000
6.1830682227803413e-001  5.1000000000000023e-001  1.2277785351769266e+000
6.3043048545995639e-001  5.2000000000000024e-001  1.3166310515879909e+000
6.4255414864187865e-001  5.3000000000000025e-001  1.4098555470340779e+000
6.5467781182380091e-001  5.4000000000000026e-001  1.5075462634757786e+000
6.6680147500572318e-001  5.5000000000000027e-001  1.6097935615375869e+000
6.7892513818764533e-001  5.6000000000000028e-001  1.7166835459866414e+000
6.9104880136956759e-001  5.7000000000000028e-001  1.8282976734946832e+000
7.0317246455148985e-001  5.8000000000000029e-001  1.9447123414874090e+000
7.1529612773341211e-001  5.9000000000000030e-001  2.0659984568343726e+000
7.2741979091533437e-001  6.0000000000000031e-001  2.1922209830808503e+000
7.3954345409725664e-001  6.1000000000000032e-001  2.3234384648748607e+000
7.5166711727917879e-001  6.2000000000000033e-001  2.4597025281982265e+000
7.6379078046110116e-001  6.3000000000000034e-001  2.6010573549700045e+000
7.7591444364302331e-001  6.4000000000000035e-001  2.7475391305556096e+000
7.8803810682494557e-001  6.5000000000000036e-001  2.8991754626859434e+000
8.0016177000686783e-001  6.6000000000000036e-001  3.0559847702701592e+000
8.1228543318879010e-001  6.7000000000000037e-001  3.2179756405737336e+000
8.2440909637071225e-001  6.8000000000000038e-001  3.3851461532314220e+000
8.3653275955263462e-001  6.9000000000000039e-001  3.5574831695764031e+000
8.4865642273455677e-001  7.0000000000000040e-001  3.7349615857921181e+000
8.6078008591647903e-001  7.1000000000000041e-001  3.9175435484349874e+000
8.7290374909840129e-001  7.2000000000000042e-001  4.1051776309374954e+000
8.8502741228032356e-001  7.3000000000000043e-001  4.2977979697838453e+000
8.9715107546224571e-001  7.4000000000000044e-001  4.4953233591576769e+000
9.0927473864416808e-001  7.5000000000000044e-001  4.6976563029970553e+000
9.2139840182609023e-001  7.6000000000000045e-001  4.9046820235587152e+000
9.3352206500801249e-001  7.7000000000000046e-001  5.1162674257956731e+000
9.4564572818993475e-001  7.8000000000000047e-001  5.3322600170951251e+000
9.5776939137185702e-001  7.9000000000000048e-001  5.5524867822079660e+000
9.6989305455377917e-001  8.0000000000000049e-001  5.7767530135373502e+000
9.8201671773570154e-001  8.1000000000000050e-001  6.0048410973407851e+000
9.9414038091762369e-001  8.2000000000000051e-001  6.2365092568491987e+000
1.0062640440995458e+000  8.3000000000000052e-001  6.4714902538165253e+000
1.0183877072814682e+000  8.4000000000000052e-001  6.7094900505973776e+000
1.0305113704633904e+000  8.5000000000000053e-001  6.9501864355066667e+000
1.0426350336453125e+000  8.6000000000000054e-001  7.1932276149559993e+000
1.0547586968272349e+000  8.7000000000000055e-001  7.4382307766874822e+000
1.0668823600091573e+000  8.8000000000000056e-001  7.6847806293446119e+000
1.0790060231910794e+000  8.9000000000000057e-001  7.9324279246373530e+000
1.0911296863730018e+000  9.0000000000000058e-001  8.1806879694748869e+000
1.1032533495549239e+000  9.1000000000000059e-001  8.4290391366638175e+000
1.1153770127368461e+000  9.2000000000000060e-001  8.6769213840973016e+000
1.1275006759187685e+000  9.3000000000000060e-001  8.9237347938000866e+000
1.1396243391006906e+000  9.4000000000000061e-001  9.1688381437363695e+000
1.1517480022826128e+000  9.5000000000000062e-001  9.4115475269340507e+000
1.1638716654645351e+000  9.6000000000000063e-001  9.6511350342240121e+000
1.1759953286464573e+000  9.7000000000000064e-001  9.8868275187215193e+000
1.1881189918283794e+000  9.8000000000000065e-001  1.0117805462084117e+001
1.2002426550103018e+000  9.9000000000000066e-001  1.0343201964541215e+001
1.2123663181922242e+000  1.0000000000000007e+000  1.0562101882688291e+001
1.2244899813741463e+000  1.0100000000000007e+000  1.0773541141042520e+001
1.2366136445560687e+000  1.0200000000000007e+000  1.0976506245334994e+001
1.2487373077379909e+000  1.0300000000000007e+000  1.1169934027425544e+001
1.2608609709199130e+000  1.0400000000000007e+000  1.1352711653525539e+001
1.2729846341018354e+000  1.0500000000000007e+000  1.1523676929044813e+001
1.2851082972837575e+000  1.0600000000000007e+000  1.1681618934781568e+001
1.2972319604656797e+000  1.0700000000000007e+000  1.1825279030279724e+001
1.3093556236476021e+000  1.0800000000000007e+000  1.1953352260910744e+001
1.3214792868295242e+000  1.0900000000000007e+000  1.2064489205514484e+001
1.3336029500114464e+000  1.1000000000000008e+000  1.2157298301168563e+001
1.3457266131933687e+000  1.1100000000000008e+000  1.2230348680757320e+001
1.3578502763752911e+000  1.1200000000000008e+000  1.2282173557384679e+001
1.3699739395572132e+000  1.1300000000000008e+000  1.2311274187228438e+001
1.3820976027391356e+000  1.1400000000000008e+000  1.2316124439075015e+001
1.3942212659210578e+000  1.1500000000000008e+000  1.2295175994421804e+001
1.4063449291029799e+000  1.1600000000000008e+000  1.2246864196614137e+001
1.4184685922849023e+000  1.1700000000000008e+000  1.2169614560941433e+001
1.4305922554668244e+000  1.1800000000000008e+000  1.2061849949912773e+001
1.4427159186487466e+000  1.1900000000000008e+000  1.1921998409055545e+001
