original distortion is :[-0.009571978900558194;
 -0.07655229980038136;
 0.0001541243530816128;
 -0.0004312032253928955;
 0.02571097304273292]
original  camera matrix is :[261.641371275923, 0, 331.2716527458564;
 0, 261.5809433176844, 243.5159929590618;
 0, 0, 1]
1.3096145502547190e-002  1.0000000000000000e-002  1.6439351733232854e-004
2.6192291005094379e-002  2.0000000000000000e-002  6.6027874452423418e-004
3.9288436507641578e-002  2.9999999999999999e-002  1.4957653065028609e-003
5.2384582010188759e-002  4.0000000000000001e-002  2.6843545841703786e-003
6.5480727512735967e-002  5.0000000000000003e-002  4.2449177565462293e-003
7.8576873015283155e-002  6.0000000000000005e-002  6.2016651245277998e-003
9.1673018517830343e-002  7.0000000000000007e-002  8.5841067804626192e-003
1.0476916402037752e-001  8.0000000000000002e-002  1.1427004705266697e-002
1.1786530952292470e-001  8.9999999999999997e-002  1.4770316389878246e-002
1.3096145502547191e-001  9.9999999999999992e-002  1.8659130094400567e-002
1.4405760052801908e-001  1.0999999999999999e-001  2.3143591870899982e-002
1.5715374603056628e-001  1.1999999999999998e-001  2.8278824489369470e-002
1.7024989153311346e-001  1.2999999999999998e-001  3.4124838416005332e-002
1.8334603703566066e-001  1.3999999999999999e-001  4.0746435003424786e-002
1.9644218253820786e-001  1.4999999999999999e-001  4.8213102058181079e-002
2.0953832804075503e-001  1.6000000000000000e-001  5.6598901957305436e-002
2.2263447354330229e-001  1.7000000000000001e-001  6.5982352487625739e-002
2.3573061904584947e-001  1.8000000000000002e-001  7.6446300582588833e-002
2.4882676454839667e-001  1.9000000000000003e-001  8.8077789129803463e-002
2.6192291005094387e-001  2.0000000000000004e-001  1.0096791701772467e-001
2.7501905555349110e-001  2.1000000000000005e-001  1.1521169258346120e-001
2.8811520105603827e-001  2.2000000000000006e-001  1.3090788061420611e-001
3.0121134655858550e-001  2.3000000000000007e-001  1.4815884304195670e-001
3.1430749206113268e-001  2.4000000000000007e-001  1.6707037345717879e-001
3.2740363756367985e-001  2.5000000000000006e-001  1.8775152554837415e-001
3.4049978306622708e-001  2.6000000000000006e-001  2.1031443555428186e-001
3.5359592856877425e-001  2.7000000000000007e-001  2.3487413879170749e-001
3.6669207407132148e-001  2.8000000000000008e-001  2.6154838029566196e-001
3.7978821957386866e-001  2.9000000000000009e-001  2.9045741957880455e-001
3.9288436507641589e-001  3.0000000000000010e-001  3.2172382948536526e-001
4.0598051057896306e-001  3.1000000000000011e-001  3.5547228907901740e-001
4.1907665608151029e-001  3.2000000000000012e-001  3.9182937046604582e-001
4.3217280158405752e-001  3.3000000000000013e-001  4.3092331941478879e-001
4.4526894708660464e-001  3.4000000000000014e-001  4.7288382958721176e-001
4.5836509258915187e-001  3.5000000000000014e-001  5.1784181015284148e-001
4.7146123809169910e-001  3.6000000000000015e-001  5.6592914650466231e-001
4.8455738359424627e-001  3.7000000000000016e-001  6.1727845374492940e-001
4.9765352909679350e-001  3.8000000000000017e-001  6.7202282255263146e-001
5.1074967459934073e-001  3.9000000000000018e-001  7.3029555698720383e-001
5.2384582010188785e-001  4.0000000000000019e-001  7.9222990372191937e-001
5.3694196560443508e-001  4.1000000000000020e-001  8.5795877213672433e-001
5.5003811110698231e-001  4.2000000000000021e-001  9.2761444463502762e-001
5.6313425660952943e-001  4.3000000000000022e-001  1.0013282764796294e+000
5.7623040211207666e-001  4.4000000000000022e-001  1.0792303843727646e+000
5.8932654761462389e-001  4.5000000000000023e-001  1.1614493229311185e+000
6.0242269311717112e-001  4.6000000000000024e-001  1.2481117481321746e+000
6.1551883861971834e-001  4.7000000000000025e-001  1.3393420667296541e+000
6.2861498412226557e-001  4.8000000000000026e-001  1.4352620705571528e+000
6.4171112962481269e-001  4.9000000000000027e-001  1.5359905545576424e+000
6.5480727512735981e-001  5.0000000000000022e-001  1.6416429172936509e+000
6.6790342062990704e-001  5.1000000000000023e-001  1.7523307426099866e+000
6.8099956613245427e-001  5.2000000000000024e-001  1.8681613610354475e+000
6.9409571163500139e-001  5.3000000000000025e-001  1.9892373894265125e+000
7.0719185713754862e-001  5.4000000000000026e-001  2.1156562472699036e+000
7.2028800264009585e-001  5.5000000000000027e-001  2.2475096479784185e+000
7.3338414814264308e-001  5.6000000000000028e-001  2.3848830634316087e+000
7.4648029364519031e-001  5.7000000000000028e-001  2.5278551599325016e+000
7.5957643914773754e-001  5.8000000000000029e-001  2.6764972036758428e+000
7.7267258465028466e-001  5.9000000000000030e-001  2.8308724337498647e+000
7.8576873015283200e-001  6.0000000000000031e-001  2.9910354006281725e+000
7.9886487565537911e-001  6.1000000000000032e-001  3.1570312680474499e+000
8.1196102115792623e-001  6.2000000000000033e-001  3.3288950761176883e+000
8.2505716666047357e-001  6.3000000000000034e-001  3.5066509634703147e+000
8.3815331216302069e-001  6.4000000000000035e-001  3.6903113462242620e+000
8.5124945766556781e-001  6.5000000000000036e-001  3.8798760515377007e+000
8.6434560316811515e-001  6.6000000000000036e-001  4.0753314035211430e+000
8.7744174867066227e-001  6.7000000000000037e-001  4.2766492593163674e+000
8.9053789417320950e-001  6.8000000000000038e-001  4.4837859931992297e+000
9.0363403967575684e-001  6.9000000000000039e-001  4.6966814266486745e+000
9.1673018517830396e-001  7.0000000000000040e-001  4.9152577024400568e+000
9.2982633068085108e-001  7.1000000000000041e-001  5.1394181009779771e+000
9.4292247618339842e-001  7.2000000000000042e-001  5.3690457972819461e+000
9.5601862168594554e-001  7.3000000000000043e-001  5.6040025572896779e+000
9.6911476718849265e-001  7.4000000000000044e-001  5.8441273724479270e+000
9.8221091269103999e-001  7.5000000000000044e-001  6.0892350319314392e+000
9.9530705819358711e-001  7.6000000000000045e-001  6.3391146322717029e+000
1.0084032036961343e+000  7.7000000000000046e-001  6.5935280246976813e+000
1.0214993491986817e+000  7.8000000000000047e-001  6.8522082010995078e+000
1.0345954947012288e+000  7.9000000000000048e-001  7.1148576202317626e+000
1.0476916402037759e+000  8.0000000000000049e-001  7.3811464765842993e+000
1.0607877857063233e+000  8.1000000000000050e-001  7.6507109152778474e+000
1.0738839312088704e+000  8.2000000000000051e-001  7.9231511973947066e+000
1.0869800767114175e+000  8.3000000000000052e-001  8.1980298213445444e+000
1.1000762222139648e+000  8.4000000000000052e-001  8.4748696071993201e+000
1.1131723677165120e+000  8.5000000000000053e-001  8.7531517524196190e+000
1.1262685132190591e+000  8.6000000000000054e-001  9.0323138690433282e+000
1.1393646587216064e+000  8.7000000000000055e-001  9.3117480142239870e+000
1.1524608042241535e+000  8.8000000000000056e-001  9.5907987279955531e+000
1.1655569497267007e+000  8.9000000000000057e-001  9.8687610943028137e+000
1.1786530952292480e+000  9.0000000000000058e-001  1.0144878843671767e+001
1.1917492407317951e+000  9.1000000000000059e-001  1.0418342518399392e+001
1.2048453862343422e+000  9.2000000000000060e-001  1.0688287723802992e+001
1.2179415317368896e+000  9.3000000000000060e-001  1.0953793491874887e+001
1.2310376772394367e+000  9.4000000000000061e-001  1.1213880786613672e+001
1.2441338227419840e+000  9.5000000000000062e-001  1.1467511183321854e+001
1.2572299682445311e+000  9.6000000000000063e-001  1.1713585757228939e+001
1.2703261137470785e+000  9.7000000000000064e-001  1.1950944219877035e+001
1.2834222592496256e+000  9.8000000000000065e-001  1.2178364344727143e+001
1.2965184047521729e+000  9.9000000000000066e-001  1.2394561726344723e+001
1.3096145502547201e+000  1.0000000000000007e+000  1.2598189920214509e+001
1.3227106957572672e+000  1.0100000000000007e+000  1.2787841012624867e+001
1.3358068412598145e+000  1.0200000000000007e+000  1.2962046672039595e+001
1.3489029867623616e+000  1.0300000000000007e+000  1.3119279734821387e+001
1.3619991322649088e+000  1.0400000000000007e+000  1.3257956378946446e+001
1.3750952777674561e+000  1.0500000000000007e+000  1.3376438939317858e+001
1.3881914232700032e+000  1.0600000000000007e+000  1.3473039417284438e+001
1.4012875687725503e+000  1.0700000000000007e+000  1.3546023734850765e+001
1.4143837142750977e+000  1.0800000000000007e+000  1.3593616780659579e+001
1.4274798597776448e+000  1.0900000000000007e+000  1.3614008289987446e+001
1.4405760052801919e+000  1.1000000000000008e+000  1.3605359594571919e+001
1.4536721507827393e+000  1.1100000000000008e+000  1.3565811269959571e+001
1.4667682962852864e+000  1.1200000000000008e+000  1.3493491698126792e+001
1.4798644417878335e+000  1.1300000000000008e+000  1.3386526551317534e+001
1.4929605872903808e+000  1.1400000000000008e+000  1.3243049189342958e+001
1.5060567327929280e+000  1.1500000000000008e+000  1.3061211947037821e+001
1.5191528782954751e+000  1.1600000000000008e+000  1.2839198271267671e+001
1.5322490237980224e+000  1.1700000000000008e+000  1.2575235648006400e+001
1.5453451693005695e+000  1.1800000000000008e+000  1.2267609239818800e+001
1.5584413148031169e+000  1.1900000000000008e+000  1.1914676132928271e+001
