original distortion is :[-0.01189949679183967;
 -0.07117549273217912;
 0.000211788750804449;
 -0.0003149963414103732;
 0.02297124775236439]
original  camera matrix is :[263.364023182992, 0, 301.5346501019315;
 0, 263.3061179545307, 243.3841005473761;
 0, 0, 1]
1.2262403923785350e-002  1.0000000000000000e-002  1.7908986933434790e-004
2.4524807847570700e-002  2.0000000000000000e-002  7.1829402721323987e-004
3.6787211771356049e-002  2.9999999999999999e-002  1.6234135204351574e-003
4.9049615695141401e-002  4.0000000000000001e-002  2.9041080889191662e-003
6.1312019618926752e-002  5.0000000000000003e-002  4.5738831750075093e-003
7.3574423542712097e-002  6.0000000000000005e-002  6.6500717687434374e-003
8.5836827466497456e-002  7.0000000000000007e-002  9.1538111217204232e-003
9.8099231390282801e-002  8.0000000000000002e-002  1.2110014369848265e-002
1.1036163531406815e-001  8.9999999999999997e-002  1.5547337114107940e-002
1.2262403923785349e-001  9.9999999999999992e-002  1.9498139016693727e-002
1.3488644316163884e-001  1.0999999999999999e-001  2.3998440476002969e-002
1.4714884708542419e-001  1.1999999999999998e-001  2.9087874451705353e-002
1.5941125100920953e-001  1.2999999999999998e-001  3.4809633516763583e-002
1.7167365493299488e-001  1.3999999999999999e-001  4.1210412217940195e-002
1.8393605885678024e-001  1.4999999999999999e-001  4.8340344831676596e-002
1.9619846278056560e-001  1.6000000000000000e-001  5.6252938604850478e-002
2.0846086670435099e-001  1.7000000000000001e-001  6.5005002572871007e-002
2.2072327062813632e-001  1.8000000000000002e-001  7.4656572049303094e-002
2.3298567455192168e-001  1.9000000000000003e-001  8.5270828880923411e-002
2.4524807847570707e-001  2.0000000000000004e-001  9.6914017562399479e-002
2.5751048239949242e-001  2.1000000000000005e-001  1.0965535730240727e-001
2.6977288632327773e-001  2.2000000000000006e-001  1.2356695013022723e-001
2.8203529024706314e-001  2.3000000000000007e-001  1.3872368512757305e-001
2.9429769417084850e-001  2.4000000000000007e-001  1.5520313886514536e-001
3.0656009809463386e-001  2.5000000000000006e-001  1.7308547211662972e-001
3.1882250201841916e-001  2.6000000000000006e-001  1.9245332291462081e-001
3.3108490594220452e-001  2.7000000000000007e-001  2.1339169600391727e-001
3.4334730986598994e-001  2.8000000000000008e-001  2.3598784873675172e-001
3.5560971378977524e-001  2.9000000000000009e-001  2.6033117344255174e-001
3.6787211771356065e-001  3.0000000000000010e-001  2.8651307629148359e-001
3.8013452163734596e-001  3.1000000000000011e-001  3.1462685265595258e-001
3.9239692556113137e-001  3.2000000000000012e-001  3.4476755895880284e-001
4.0465932948491673e-001  3.3000000000000013e-001  3.7703188097828466e-001
4.1692173340870203e-001  3.4000000000000014e-001  4.1151799856238291e-001
4.2918413733248745e-001  3.5000000000000014e-001  4.4832544668318430e-001
4.4144654125627281e-001  3.6000000000000015e-001  4.8755497274199922e-001
4.5370894518005811e-001  3.7000000000000016e-001  5.2930839001132934e-001
4.6597134910384352e-001  3.8000000000000017e-001  5.7368842707665735e-001
4.7823375302762888e-001  3.9000000000000018e-001  6.2079857311392317e-001
4.9049615695141419e-001  4.0000000000000019e-001  6.7074291881321635e-001
5.0275856087519954e-001  4.1000000000000020e-001  7.2362599272846051e-001
5.1502096479898496e-001  4.2000000000000021e-001  7.7955259280528821e-001
5.2728336872277026e-001  4.3000000000000022e-001  8.3862761280621978e-001
5.3954577264655568e-001  4.4000000000000022e-001  9.0095586332143984e-001
5.5180817657034109e-001  4.5000000000000023e-001  9.6664188701849341e-001
5.6407058049412639e-001  4.6000000000000024e-001  1.0357897677497840e+000
5.7633298441791170e-001  4.7000000000000025e-001  1.1085029331007856e+000
5.8859538834169711e-001  4.8000000000000026e-001  1.1848839499233987e+000
6.0085779226548242e-001  4.9000000000000027e-001  1.2650343123616903e+000
6.1312019618926772e-001  5.0000000000000022e-001  1.3490542218363100e+000
6.2538260011305313e-001  5.1000000000000023e-001  1.4370423584138203e+000
6.3764500403683855e-001  5.2000000000000024e-001  1.5290956429449221e+000
6.4990740796062385e-001  5.3000000000000025e-001  1.6253089893136119e+000
6.6216981188440927e-001  5.4000000000000026e-001  1.7257750460948795e+000
6.7443221580819457e-001  5.5000000000000027e-001  1.8305839268753177e+000
6.8669461973197987e-001  5.6000000000000028e-001  1.9398229284455226e+000
6.9895702365576529e-001  5.7000000000000028e-001  2.0535762360289977e+000
7.1121942757955070e-001  5.8000000000000029e-001  2.1719246146660209e+000
7.2348183150333600e-001  5.9000000000000030e-001  2.2949450858269049e+000
7.3574423542712142e-001  6.0000000000000031e-001  2.4227105882830280e+000
7.4800663935090672e-001  6.1000000000000032e-001  2.5552896222211796e+000
7.6026904327469202e-001  6.2000000000000033e-001  2.6927458755421130e+000
7.7253144719847755e-001  6.3000000000000034e-001  2.8351378312438280e+000
7.8479385112226285e-001  6.4000000000000035e-001  2.9825183547495415e+000
7.9705625504604816e-001  6.5000000000000036e-001  3.1349342600031083e+000
8.0931865896983368e-001  6.6000000000000036e-001  3.2924258531203066e+000
8.2158106289361899e-001  6.7000000000000037e-001  3.4550264523547369e+000
8.3384346681740429e-001  6.8000000000000038e-001  3.6227618831103481e+000
8.4610587074118970e-001  6.9000000000000039e-001  3.7956499467134419e+000
8.5836827466497501e-001  7.0000000000000040e-001  3.9736998616429542e+000
8.7063067858876031e-001  7.1000000000000041e-001  4.1569116759124558e+000
8.8289308251254583e-001  7.2000000000000042e-001  4.3452756493010281e+000
8.9515548643633114e-001  7.3000000000000043e-001  4.5387716041438431e+000
9.0741789036011644e-001  7.4000000000000044e-001  4.7373682434202591e+000
9.1968029428390186e-001  7.5000000000000044e-001  4.9410224349174303e+000
9.3194269820768716e-001  7.6000000000000045e-001  5.1496784603041634e+000
9.4420510213147246e-001  7.7000000000000046e-001  5.3632672280246929e+000
9.5646750605525799e-001  7.8000000000000047e-001  5.5817054490175044e+000
9.6872990997904329e-001  7.9000000000000048e-001  5.8048947743839507e+000
9.8099231390282859e-001  8.0000000000000049e-001  6.0327208942756894e+000
9.9325471782661401e-001  8.1000000000000050e-001  6.2650525974453419e+000
1.0055171217503993e+000  8.2000000000000051e-001  6.5017407911119207e+000
1.0177795256741846e+000  8.3000000000000052e-001  6.7426174810355954e+000
1.0300419295979701e+000  8.4000000000000052e-001  6.9874947119804798e+000
1.0423043335217554e+000  8.5000000000000053e-001  7.2361634690713883e+000
1.0545667374455407e+000  8.6000000000000054e-001  7.4883925409259255e+000
1.0668291413693263e+000  8.7000000000000055e-001  7.7439273458725255e+000
1.0790915452931116e+000  8.8000000000000056e-001  8.0024887230488950e+000
1.0913539492168969e+000  8.9000000000000057e-001  8.2637716907239422e+000
1.1036163531406822e+000  9.0000000000000058e-001  8.5274441747969156e+000
1.1158787570644675e+000  9.1000000000000059e-001  8.7931457111124267e+000
1.1281411609882528e+000  9.2000000000000060e-001  9.0604861259870226e+000
1.1404035649120383e+000  9.3000000000000060e-001  9.3290442001787923e+000
1.1526659688358236e+000  9.4000000000000061e-001  9.5983663224500795e+000
1.1649283727596089e+000  9.5000000000000062e-001  9.8679651398753343e+000
1.1771907766833944e+000  9.6000000000000063e-001  1.0137318213135128e+001
1.1894531806071797e+000  9.7000000000000064e-001  1.0405866686213194e+001
1.2017155845309651e+000  9.8000000000000065e-001  1.0673013981175616e+001
1.2139779884547506e+000  9.9000000000000066e-001  1.0938124530057380e+001
1.2262403923785359e+000  1.0000000000000007e+000  1.1200522557308389e+001
1.2385027963023212e+000  1.0100000000000007e+000  1.1459490927750139e+001
1.2507652002261067e+000  1.0200000000000007e+000  1.1714270076557476e+001
1.2630276041498920e+000  1.0300000000000007e+000  1.1964057039394739e+001
1.2752900080736773e+000  1.0400000000000007e+000  1.2208004602485500e+001
1.2875524119974626e+000  1.0500000000000007e+000  1.2445220594059725e+001
1.2998148159212479e+000  1.0600000000000007e+000  1.2674767340278660e+001
1.3120772198450332e+000  1.0700000000000007e+000  1.2895661310354601e+001
1.3243396237688188e+000  1.0800000000000007e+000  1.3106872977127605e+001
1.3366020276926041e+000  1.0900000000000007e+000  1.3307326920792505e+001
1.3488644316163894e+000  1.1000000000000008e+000  1.3495902204745081e+001
1.3611268355401749e+000  1.1100000000000008e+000  1.3671433053580117e+001
1.3733892394639602e+000  1.1200000000000008e+000  1.3832709864075321e+001
1.3856516433877455e+000  1.1300000000000008e+000  1.3978480580468311e+001
1.3979140473115310e+000  1.1400000000000008e+000  1.4107452465414539e+001
1.4101764512353163e+000  1.1500000000000008e+000  1.4218294297631662e+001
1.4224388551591016e+000  1.1600000000000008e+000  1.4309639026318877e+001
1.4347012590828869e+000  1.1700000000000008e+000  1.4380086910912372e+001
1.4469636630066722e+000  1.1800000000000008e+000  1.4428209172531492e+001
1.4592260669304575e+000  1.1900000000000008e+000  1.4452552180509759e+001
