original distortion is :[-0.01610338818198502;
 -0.02685946807487729;
 -0.001263964735423677;
 -0.0008280712564785934;
 -0.05019266422331347]
original  camera matrix is :[262.7213990592504, 0, 305.7842130551086;
 0, 261.1245544986483, 238.9279549267717;
 0, 0, 1]
1.2337571673796234e-002  1.0000000000000000e-002  2.4518166106268779e-004
2.4675143347592469e-002  2.0000000000000000e-002  9.8148172289480584e-004
3.7012715021388705e-002  2.9999999999999999e-002  2.2111719051753909e-003
4.9350286695184938e-002  4.0000000000000001e-002  3.9380600220351170e-003
6.1687858368981177e-002  5.0000000000000003e-002  6.1675224133583839e-003
7.4025430042777410e-002  6.0000000000000005e-002  8.9065493666051765e-003
8.6363001716573656e-002  7.0000000000000007e-002  1.2163803547959873e-002
9.8700573390369875e-002  8.0000000000000002e-002  1.5949691466854432e-002
1.1103814506416611e-001  8.9999999999999997e-002  2.0276448005018821e-002
1.2337571673796234e-001  9.9999999999999992e-002  2.5158234046651629e-002
1.3571328841175856e-001  1.0999999999999999e-001  3.0611247254741514e-002
1.4805086008555479e-001  1.1999999999999998e-001  3.6653846046186267e-002
1.6038843175935102e-001  1.2999999999999998e-001  4.3306686826971585e-002
1.7272600343314726e-001  1.3999999999999999e-001  5.0592874559329815e-002
1.8506357510694352e-001  1.4999999999999999e-001  5.8538126743323815e-002
1.9740114678073975e-001  1.6000000000000000e-001  6.7170950907624594e-002
2.0973871845453601e-001  1.7000000000000001e-001  7.6522835719394777e-002
2.2207629012833224e-001  1.8000000000000002e-001  8.6628455837489682e-002
2.3441386180212848e-001  1.9000000000000003e-001  9.7525890652438996e-002
2.4675143347592476e-001  2.0000000000000004e-001  1.0925685707572352e-001
2.5908900514972100e-001  2.1000000000000005e-001  1.2186695656448698e-001
2.7142657682351723e-001  2.2000000000000006e-001  1.3540593659320255e-001
2.8376414849731352e-001  2.3000000000000007e-001  1.4992796681270182e-001
2.9610172017110975e-001  2.4000000000000007e-001  1.6549193016974773e-001
3.0843929184490598e-001  2.5000000000000006e-001  1.8216172929776953e-001
3.2077686351870222e-001  2.6000000000000006e-001  2.0000660852994567e-001
3.3311443519249845e-001  2.7000000000000007e-001  2.1910149193336004e-001
3.4545200686629468e-001  2.8000000000000008e-001  2.3952733781462676e-001
3.5778957854009091e-001  2.9000000000000009e-001  2.6137151020728666e-001
3.7012715021388720e-001  3.0000000000000010e-001  2.8472816791578204e-001
3.8246472188768338e-001  3.1000000000000011e-001  3.0969867176606769e-001
3.9480229356147967e-001  3.2000000000000012e-001  3.3639201079427306e-001
4.0713986523527596e-001  3.3000000000000013e-001  3.6492524819811134e-001
4.1947743690907213e-001  3.4000000000000014e-001  3.9542398797747236e-001
4.3181500858286842e-001  3.5000000000000014e-001  4.2802286330645423e-001
4.4415258025666465e-001  3.6000000000000015e-001  4.6286604780656493e-001
4.5649015193046089e-001  3.7000000000000016e-001  5.0010779103264458e-001
4.6882772360425712e-001  3.8000000000000017e-001  5.3991297964235407e-001
4.8116529527805341e-001  3.9000000000000018e-001  5.8245772589549105e-001
4.9350286695184958e-001  4.0000000000000019e-001  6.2792998532543720e-001
5.0584043862564587e-001  4.1000000000000020e-001  6.7653020564273358e-001
5.1817801029944210e-001  4.2000000000000021e-001  7.2847200917223187e-001
5.3051558197323834e-001  4.3000000000000022e-001  7.8398291139392118e-001
5.4285315364703457e-001  4.4000000000000022e-001  8.4330507845618019e-001
5.5519072532083091e-001  4.5000000000000023e-001  9.0669612686107293e-001
5.6752829699462704e-001  4.6000000000000024e-001  9.7442996889107736e-001
5.7986586866842338e-001  4.7000000000000025e-001  1.0467977077547319e+000
5.9220344034221961e-001  4.8000000000000026e-001  1.1241085868865408e+000
6.0454101201601584e-001  4.9000000000000027e-001  1.2066909983427410e+000
6.1687858368981197e-001  5.0000000000000022e-001  1.2948935558007024e+000
6.2921615536360831e-001  5.1000000000000023e-001  1.3890862383007629e+000
6.4155372703740454e-001  5.2000000000000024e-001  1.4896616115726236e+000
6.5389129871120077e-001  5.3000000000000025e-001  1.5970361345764017e+000
6.6622887038499701e-001  5.4000000000000026e-001  1.7116515597677129e+000
6.7856644205879324e-001  5.5000000000000027e-001  1.8339764365832512e+000
6.9090401373258947e-001  5.6000000000000028e-001  1.9645077287493873e+000
7.0324158540638571e-001  5.7000000000000028e-001  2.1037725572601973e+000
7.1557915708018205e-001  5.8000000000000029e-001  2.2523300822695047e+000
7.2791672875397817e-001  5.9000000000000030e-001  2.4107735387195905e+000
7.4025430042777451e-001  6.0000000000000031e-001  2.5797324423092682e+000
7.5259187210157075e-001  6.1000000000000032e-001  2.7598749844189419e+000
7.6492944377536698e-001  6.2000000000000033e-001  2.9519106368933068e+000
7.7726701544916332e-001  6.3000000000000034e-001  3.1565929901742562e+000
7.8960458712295944e-001  6.4000000000000035e-001  3.3747228512280625e+000
8.0194215879675568e-001  6.5000000000000036e-001  3.6071516310723473e+000
8.1427973047055202e-001  6.6000000000000036e-001  3.8547850555538776e+000
8.2661730214434825e-001  6.7000000000000037e-001  4.1185872374281951e+000
8.3895487381814438e-001  6.8000000000000038e-001  4.3995851528443097e+000
8.5129244549194072e-001  6.9000000000000039e-001  4.6988735711495755e+000
8.6363001716573695e-001  7.0000000000000040e-001  5.0176204936315472e+000
8.7596758883953318e-001  7.1000000000000041e-001  5.3570731645615099e+000
8.8830516051332953e-001  7.2000000000000042e-001  5.7185647268829687e+000
9.0064273218712565e-001  7.3000000000000043e-001  6.1035216053219932e+000
9.1298030386092188e-001  7.4000000000000044e-001  6.5134717118503271e+000
9.2531787553471823e-001  7.5000000000000044e-001  6.9500535826334087e+000
9.3765544720851446e-001  7.6000000000000045e-001  7.4150265722298547e+000
9.4999301888231058e-001  7.7000000000000046e-001  7.9102822503575032e+000
9.6233059055610704e-001  7.8000000000000047e-001  8.4378571695769455e+000
9.7466816222990316e-001  7.9000000000000048e-001  8.9999471994780311e+000
9.8700573390369939e-001  8.0000000000000049e-001  9.5989236552561419e+000
9.9934330557749573e-001  8.1000000000000050e-001  1.0237351487002844e+001
1.0116808772512920e+000  8.2000000000000051e-001  1.0918009841936648e+001
1.0240184489250881e+000  8.3000000000000052e-001  1.1643915366809733e+001
1.0363560205988844e+000  8.4000000000000052e-001  1.2418348683901591e+001
1.0486935922726806e+000  8.5000000000000053e-001  1.3244884553926205e+001
1.0610311639464769e+000  8.6000000000000054e-001  1.4127426336084770e+001
1.0733687356202732e+000  8.7000000000000055e-001  1.5070245473498378e+001
1.0857063072940694e+000  8.8000000000000056e-001  1.6078026876590236e+001
1.0980438789678655e+000  8.9000000000000057e-001  1.7155921254344019e+001
1.1103814506416618e+000  9.0000000000000058e-001  1.8309605662365811e+001
1.1227190223154582e+000  9.1000000000000059e-001  1.9545353808471155e+001
1.1350565939892543e+000  9.2000000000000060e-001  2.0870117995637539e+001
1.1473941656630506e+000  9.3000000000000060e-001  2.2291625007663775e+001
1.1597317373368468e+000  9.4000000000000061e-001  2.3818488779914347e+001
1.1720693090106431e+000  9.5000000000000062e-001  2.5460343379567441e+001
1.1844068806844394e+000  9.6000000000000063e-001  2.7228000691664846e+001
1.1967444523582356e+000  9.7000000000000064e-001  2.9133638329577828e+001
1.2090820240320317e+000  9.8000000000000065e-001  3.1191024743801023e+001
1.2214195957058280e+000  9.9000000000000066e-001  3.3415790404789902e+001
1.2337571673796244e+000  1.0000000000000007e+000  3.5825756441443900e+001
1.2460947390534205e+000  1.0100000000000007e+000  3.8441335447804484e+001
1.2584323107272168e+000  1.0200000000000007e+000  4.1286023639896200e+001
1.2707698824010130e+000  1.0300000000000007e+000  4.4387009601729076e+001
1.2831074540748093e+000  1.0400000000000007e+000  4.7775933156768332e+001
1.2954450257486056e+000  1.0500000000000007e+000  5.1489839398692581e+001
1.3077825974224018e+000  1.0600000000000007e+000  5.5572389045872562e+001
1.3201201690961979e+000  1.0700000000000007e+000  6.0075409219349396e+001
1.3324577407699942e+000  1.0800000000000007e+000  6.5060901830569790e+001
1.3447953124437906e+000  1.0900000000000007e+000  7.0603675253014629e+001
1.3571328841175867e+000  1.1000000000000008e+000  7.6794837241363624e+001
1.3694704557913830e+000  1.1100000000000008e+000  8.3746496883732675e+001
1.3818080274651792e+000  1.1200000000000008e+000  9.1598193704176211e+001
1.3941455991389755e+000  1.1300000000000008e+000  1.0052584233391148e+002
1.4064831708127719e+000  1.1400000000000008e+000  1.1075442118109846e+002
1.4188207424865680e+000  1.1500000000000008e+000  1.2257637052185166e+002
1.4311583141603641e+000  1.1600000000000008e+000  1.3637894018225279e+002
1.4434958858341607e+000  1.1700000000000008e+000  1.5268601392220975e+002
1.4558334575079568e+000  1.1800000000000008e+000  1.7222421619802932e+002
1.4681710291817529e+000  1.1900000000000008e+000  1.9603151078617481e+002
