original distortion is :[-0.008848896811791603;
 -0.07618162632247852;
 0.0003417814496408418;
 -0.0003262839906990885;
 0.02512678118284464]
original  camera matrix is :[259.2080880574852, 0, 325.4635250338968;
 0, 259.1648504458192, 235.252965645843;
 0, 0, 1]
1.2911374804406473e-002  1.0000000000000000e-002  1.4772621088621207e-004
2.5822749608812947e-002  2.0000000000000000e-002  5.9344730707344695e-004
3.8734124413219426e-002  2.9999999999999999e-002  1.3447867156513027e-003
5.1645499217625894e-002  4.0000000000000001e-002  2.4144369449974334e-003
6.4556874022032376e-002  5.0000000000000003e-002  3.8201398089077188e-003
7.7468248826438851e-002  6.0000000000000005e-002  5.5846587980967755e-003
9.0379623630845327e-002  7.0000000000000007e-002  7.7357436565117510e-003
1.0329099843525179e-001  8.0000000000000002e-002  1.0306087234934758e-002
1.1620237323965826e-001  8.9999999999999997e-002  1.3333274708848819e-002
1.2911374804406472e-001  9.9999999999999992e-002  1.6859725261575420e-002
1.4202512284847121e-001  1.0999999999999999e-001  2.0932626345571137e-002
1.5493649765287767e-001  1.1999999999999998e-001  2.5603860647027687e-002
1.6784787245728414e-001  1.2999999999999998e-001  3.0929925888245613e-002
1.8075924726169063e-001  1.3999999999999999e-001  3.6971847610844932e-002
1.9367062206609711e-001  1.4999999999999999e-001  4.3795085090114760e-002
2.0658199687050358e-001  1.6000000000000000e-001  5.1469430535644456e-002
2.1949337167491009e-001  1.7000000000000001e-001  6.0068901736576308e-002
2.3240474647931658e-001  1.8000000000000002e-001  6.9671628311529510e-002
2.4531612128372304e-001  1.9000000000000003e-001  8.0359731722379202e-002
2.5822749608812956e-001  2.0000000000000004e-001  9.2219199207876912e-002
2.7113887089253602e-001  2.1000000000000005e-001  1.0533975178879107e-001
2.8405024569694248e-001  2.2000000000000006e-001  1.1981470648829706e-001
2.9696162050134900e-001  2.3000000000000007e-001  1.3574083290222028e-001
3.0987299530575546e-001  2.4000000000000007e-001  1.5321820424123445e-001
3.2278437011016198e-001  2.5000000000000006e-001  1.7235004295332867e-001
3.3569574491456844e-001  2.6000000000000006e-001  1.9324256101753701e-001
3.4860711971897490e-001  2.7000000000000007e-001  2.1600479498078418e-001
3.6151849452338142e-001  2.8000000000000008e-001  2.4074843578800742e-001
3.7442986932778788e-001  2.9000000000000009e-001  2.6758765343122271e-001
3.8734124413219440e-001  3.0000000000000010e-001  2.9663891641675821e-001
4.0025261893660086e-001  3.1000000000000011e-001  3.2802080601976868e-001
4.1316399374100732e-001  3.2000000000000012e-001  3.6185382526467968e-001
4.2607536854541384e-001  3.3000000000000013e-001  3.9826020253417305e-001
4.3898674334982030e-001  3.4000000000000014e-001  4.3736368967437489e-001
4.5189811815422681e-001  3.5000000000000014e-001  4.7928935442271836e-001
4.6480949295863333e-001  3.6000000000000015e-001  5.2416336694487420e-001
4.7772086776303974e-001  3.7000000000000016e-001  5.7211278022182288e-001
4.9063224256744625e-001  3.8000000000000017e-001  6.2326530398186808e-001
5.0354361737185283e-001  3.9000000000000018e-001  6.7774907182365229e-001
5.1645499217625923e-001  4.0000000000000019e-001  7.3569240112416612e-001
5.2936636698066575e-001  4.1000000000000020e-001  7.9722354527289596e-001
5.4227774178507226e-001  4.2000000000000021e-001  8.6247043771643384e-001
5.5518911658947867e-001  4.3000000000000022e-001  9.3156042723985255e-001
5.6810049139388519e-001  4.4000000000000022e-001  1.0046200038513975e+000
5.8101186619829170e-001  4.5000000000000023e-001  1.0817745145730973e+000
5.9392324100269811e-001  4.6000000000000024e-001  1.1631478683764573e+000
6.0683461580710463e-001  4.7000000000000025e-001  1.2488622294357210e+000
6.1974599061151114e-001  4.8000000000000026e-001  1.3390376978017704e+000
6.3265736541591755e-001  4.9000000000000027e-001  1.4337919765313956e+000
6.4556874022032396e-001  5.0000000000000022e-001  1.5332400242330735e+000
6.5848011502473047e-001  5.1000000000000023e-001  1.6374936919197003e+000
6.7139148982913699e-001  5.2000000000000024e-001  1.7466613429827138e+000
6.8430286463354351e-001  5.3000000000000025e-001  1.8608474550285248e+000
6.9721423943795002e-001  5.4000000000000026e-001  1.9801522022428797e+000
7.1012561424235654e-001  5.5000000000000027e-001  2.1046710168731941e+000
7.2303698904676295e-001  5.6000000000000028e-001  2.2344941283444886e+000
7.3594836385116946e-001  5.7000000000000028e-001  2.3697060784507284e+000
7.4885973865557598e-001  5.8000000000000029e-001  2.5103852109914060e+000
7.6177111345998239e-001  5.9000000000000030e-001  2.6566031341537011e+000
7.7468248826438901e-001  6.0000000000000031e-001  2.8084241538744115e+000
7.8759386306879542e-001  6.1000000000000032e-001  2.9659046763540031e+000
8.0050523787320182e-001  6.2000000000000033e-001  3.1290925778391765e+000
8.1341661267760845e-001  6.3000000000000034e-001  3.2980265397408060e+000
8.2632798748201486e-001  6.4000000000000035e-001  3.4727353471142752e+000
8.3923936228642126e-001  6.5000000000000036e-001  3.6532371484981896e+000
8.5215073709082789e-001  6.6000000000000036e-001  3.8395386750900817e+000
8.6506211189523430e-001  6.7000000000000037e-001  4.0316344172346419e+000
8.7797348669964070e-001  6.8000000000000038e-001  4.2295057562139027e+000
8.9088486150404733e-001  6.9000000000000039e-001  4.4331200493634038e+000
9.0379623630845374e-001  7.0000000000000040e-001  4.6424296665961817e+000
9.1670761111286025e-001  7.1000000000000041e-001  4.8573709765012962e+000
9.2961898591726677e-001  7.2000000000000042e-001  5.0778632802996215e+000
9.4253036072167318e-001  7.3000000000000043e-001  5.3038076920913557e+000
9.5544173552607969e-001  7.4000000000000044e-001  5.5350859640215688e+000
9.6835311033048621e-001  7.5000000000000044e-001  5.7715592552277428e+000
9.8126448513489273e-001  7.6000000000000045e-001  6.0130668437229584e+000
9.9417585993929913e-001  7.7000000000000046e-001  6.2594247807146841e+000
1.0070872347437057e+000  7.8000000000000047e-001  6.5104244872711492e+000
1.0199986095481122e+000  7.9000000000000048e-001  6.7658312937306953e+000
1.0329099843525187e+000  8.0000000000000049e-001  7.0253829228107856e+000
1.0458213591569252e+000  8.1000000000000050e-001  7.2887879180243864e+000
1.0587327339613315e+000  8.2000000000000051e-001  7.5557240197544395e+000
1.0716441087657380e+000  8.3000000000000052e-001  7.8258364921879986e+000
1.0845554835701445e+000  8.4000000000000052e-001  8.0987364052695234e+000
1.0974668583745510e+000  8.5000000000000053e-001  8.3739988769168328e+000
1.1103782331789576e+000  8.6000000000000054e-001  8.6511612819511363e+000
1.1232896079833641e+000  8.7000000000000055e-001  8.9297214355387169e+000
1.1362009827877706e+000  8.8000000000000056e-001  9.2091357604302750e+000
1.1491123575921769e+000  8.9000000000000057e-001  9.4888174489207380e+000
1.1620237323965836e+000  9.0000000000000058e-001  9.7681346322378246e+000
1.1749351072009899e+000  9.1000000000000059e-001  1.0046408572011467e+001
1.1878464820053964e+000  9.2000000000000060e-001  1.0322911890566179e+001
1.2007578568098030e+000  9.3000000000000060e-001  1.0596866859019771e+001
1.2136692316142095e+000  9.4000000000000061e-001  1.0867443764550311e+001
1.2265806064186158e+000  9.5000000000000062e-001  1.1133759380696940e+001
1.2394919812230225e+000  9.6000000000000063e-001  1.1394875567170825e+001
1.2524033560274288e+000  9.7000000000000064e-001  1.1649798028342872e+001
1.2653147308318353e+000  9.8000000000000065e-001  1.1897475262314750e+001
1.2782261056362418e+000  9.9000000000000066e-001  1.2136797735223226e+001
1.2911374804406484e+000  1.0000000000000007e+000  1.2366597318130900e+001
1.3040488552450549e+000  1.0100000000000007e+000  1.2585647026451463e+001
1.3169602300494614e+000  1.0200000000000007e+000  1.2792661104280324e+001
1.3298716048538679e+000  1.0300000000000007e+000  1.2986295498165056e+001
1.3427829796582742e+000  1.0400000000000007e+000  1.3165148766663993e+001
1.3556943544626809e+000  1.0500000000000007e+000  1.3327763473399790e+001
1.3686057292670872e+000  1.0600000000000007e+000  1.3472628112105212e+001
1.3815171040714938e+000  1.0700000000000007e+000  1.3598179612253269e+001
1.3944284788759003e+000  1.0800000000000007e+000  1.3702806473136707e+001
1.4073398536803068e+000  1.0900000000000007e+000  1.3784852572571937e+001
1.4202512284847131e+000  1.1000000000000008e+000  1.3842621693613676e+001
1.4331626032891198e+000  1.1100000000000008e+000  1.3874382808645770e+001
1.4460739780935261e+000  1.1200000000000008e+000  1.3878376154828697e+001
1.4589853528979326e+000  1.1300000000000008e+000  1.3852820128026400e+001
1.4718967277023391e+000  1.1400000000000008e+000  1.3795919013908197e+001
1.4848081025067457e+000  1.1500000000000008e+000  1.3705871564863315e+001
1.4977194773111520e+000  1.1600000000000008e+000  1.3580880419646624e+001
1.5106308521155587e+000  1.1700000000000008e+000  1.3419162349313240e+001
1.5235422269199650e+000  1.1800000000000008e+000  1.3218959298066357e+001
1.5364536017243715e+000  1.1900000000000008e+000  1.2978550171269564e+001
