original distortion is :[3.395769785307574e-005;
 -0.1000497359570974;
 0.0001667193079238526;
 -5.303120196775604e-005;
 0.0452864239301549]
original  camera matrix is :[262.5990216905526, 0, 323.9743715991418;
 0, 261.0589777258991, 252.5030470718225;
 0, 0, 1]
1.3063939801356492e-002  1.0000000000000000e-002  -2.8815123620518079e-007
2.6127879602712983e-002  2.0000000000000000e-002  2.3430301920868146e-006
3.9191819404069482e-002  2.9999999999999999e-002  1.8372348642436975e-005
5.2255759205425967e-002  4.0000000000000001e-002  6.5237490853853330e-005
6.5319699006782472e-002  5.0000000000000003e-002  1.6729460479147917e-004
7.8383638808138964e-002  6.0000000000000005e-002  3.5576182795260536e-004
9.1447578609495456e-002  7.0000000000000007e-002  6.6864688121892613e-004
1.0451151841085193e-001  8.0000000000000002e-002  1.1506588744714108e-003
1.1757545821220843e-001  8.9999999999999997e-002  1.8531044988057133e-003
1.3063939801356492e-001  9.9999999999999992e-002  2.8337688054325127e-003
1.4370333781492142e-001  1.0999999999999999e-001  4.1567807947062718e-003
1.5676727761627790e-001  1.1999999999999998e-001  5.8924640573776443e-003
1.6983121741763438e-001  1.2999999999999998e-001  8.1171727272622007e-003
1.8289515721899088e-001  1.3999999999999999e-001  1.0913113014665576e-002
1.9595909702034739e-001  1.4999999999999999e-001  1.4368150599075591e-002
2.0902303682170387e-001  1.6000000000000000e-001  1.8575604160764314e-002
2.2208697662306040e-001  1.7000000000000001e-001  2.3634025330454556e-002
2.3515091642441691e-001  1.8000000000000002e-001  2.9646965327456698e-002
2.4821485622577338e-001  1.9000000000000003e-001  3.6722728545779404e-002
2.6127879602712994e-001  2.0000000000000004e-001  4.4974113328355436e-002
2.7434273582848639e-001  2.1000000000000005e-001  5.4518140147097327e-002
2.8740667562984290e-001  2.2000000000000006e-001  6.5475767376699245e-002
3.0047061543119946e-001  2.3000000000000007e-001  7.7971594815373635e-002
3.1353455523255591e-001  2.4000000000000007e-001  9.2133555064988215e-002
3.2659849503391242e-001  2.5000000000000006e-001  1.0809259283657280e-001
3.3966243483526892e-001  2.6000000000000006e-001  1.2598233219489607e-001
3.5272637463662537e-001  2.7000000000000007e-001  1.4593873169796989e-001
3.6579031443798193e-001  2.8000000000000008e-001  1.6809972732363399e-001
3.7885425423933844e-001  2.9000000000000009e-001  1.9260486300649582e-001
3.9191819404069494e-001  3.0000000000000010e-001  2.1959490853395991e-001
4.0498213384205139e-001  3.1000000000000011e-001  2.4921146447038911e-001
4.1804607364340796e-001  3.2000000000000012e-001  2.8159655369419667e-001
4.3111001344476446e-001  3.3000000000000013e-001  3.1689219904260657e-001
4.4417395324612091e-001  3.4000000000000014e-001  3.5523998646564969e-001
4.5723789304747742e-001  3.5000000000000014e-001  3.9678061299226464e-001
4.7030183284883398e-001  3.6000000000000015e-001  4.4165341870938679e-001
4.8336577265019043e-001  3.7000000000000016e-001  4.8999590184966024e-001
4.9642971245154693e-001  3.8000000000000017e-001  5.4194321597471617e-001
5.0949365225290344e-001  3.9000000000000018e-001  5.9762764812869573e-001
5.2255759205425989e-001  4.0000000000000019e-001  6.5717807672536210e-001
5.3562153185561645e-001  4.1000000000000020e-001  7.2071940781492927e-001
5.4868547165697301e-001  4.2000000000000021e-001  7.8837198826309240e-001
5.6174941145832946e-001  4.3000000000000022e-001  8.6025099425828255e-001
5.7481335125968602e-001  4.4000000000000022e-001  9.3646579344890402e-001
5.8787729106104247e-001  4.5000000000000023e-001  1.0171192788998251e+000
6.0094123086239892e-001  4.6000000000000024e-001  1.1023071729479916e+000
6.1400517066375548e-001  4.7000000000000025e-001  1.1921172989330264e+000
6.2706911046511205e-001  4.8000000000000026e-001  1.2866288186794250e+000
6.4013305026646850e-001  4.9000000000000027e-001  1.3859114335173173e+000
6.5319699006782495e-001  5.0000000000000022e-001  1.4900245465479856e+000
6.6626092986918151e-001  5.1000000000000023e-001  1.5990163837931393e+000
6.7932486967053796e-001  5.2000000000000024e-001  1.7129230718133215e+000
6.9238880947189441e-001  5.3000000000000025e-001  1.8317676693472951e+000
7.0545274927325097e-001  5.4000000000000026e-001  1.9555591505101777e+000
7.1851668907460753e-001  5.5000000000000027e-001  2.0842913371019067e+000
7.3158062887596398e-001  5.6000000000000028e-001  2.2179417776185373e+000
7.4464456867732043e-001  5.7000000000000028e-001  2.3564705706367928e+000
7.5770850847867699e-001  5.8000000000000029e-001  2.4998191303591932e+000
7.7077244828003344e-001  5.9000000000000030e-001  2.6479088922701566e+000
7.8383638808139011e-001  6.0000000000000031e-001  2.8006399570697837e+000
7.9690032788274656e-001  6.1000000000000032e-001  2.9578896713281289e+000
8.0996426768410301e-001  6.2000000000000033e-001  3.1195111436482570e+000
8.2302820748545957e-001  6.3000000000000034e-001  3.2853316955463230e+000
8.3609214728681602e-001  6.4000000000000035e-001  3.4551512467670520e+000
8.4915608708817247e-001  6.5000000000000036e-001  3.6287406353562979e+000
8.6222002688952915e-001  6.6000000000000036e-001  3.8058398735255405e+000
8.7528396669088560e-001  6.7000000000000037e-001  3.9861563411741407e+000
8.8834790649224205e-001  6.8000000000000038e-001  4.1693629198973570e+000
9.0141184629359861e-001  6.9000000000000039e-001  4.3550960714129561e+000
9.1447578609495506e-001  7.0000000000000040e-001  4.5429538656006851e+000
9.2753972589631151e-001  7.1000000000000041e-001  4.7324939647758857e+000
9.4060366569766818e-001  7.2000000000000042e-001  4.9232315724273779e+000
9.5366760549902463e-001  7.3000000000000043e-001  5.1146373564481484e+000
9.6673154530038097e-001  7.4000000000000044e-001  5.3061353588852889e+000
9.7979548510173764e-001  7.5000000000000044e-001  5.4971009064438636e+000
9.9285942490309409e-001  7.6000000000000045e-001  5.6868585383987202e+000
1.0059233647044505e+000  7.7000000000000046e-001  5.8746799712048547e+000
1.0189873045058071e+000  7.8000000000000047e-001  6.0597821219449788e+000
1.0320512443071637e+000  7.9000000000000048e-001  6.2413252158072918e+000
1.0451151841085200e+000  8.0000000000000049e-001  6.4184110060309774e+000
1.0581791239098766e+000  8.1000000000000050e-001  6.5900811381703672e+000
1.0712430637112331e+000  8.2000000000000051e-001  6.7553156940800552e+000
1.0843070035125895e+000  8.3000000000000052e-001  6.9130319546693686e+000
1.0973709433139462e+000  8.4000000000000052e-001  7.0620834241635011e+000
1.1104348831153026e+000  8.5000000000000053e-001  7.2012591622696798e+000
1.1234988229166591e+000  8.6000000000000054e-001  7.3292834742013868e+000
1.1365627627180157e+000  8.7000000000000055e-001  7.4448160118586459e+000
1.1496267025193720e+000  8.8000000000000056e-001  7.5464523424862540e+000
1.1626906423207286e+000  8.9000000000000057e-001  7.6327250436969418e+000
1.1757545821220852e+000  9.0000000000000058e-001  7.7021053857057487e+000
1.1888185219234417e+000  9.1000000000000059e-001  7.7530056628046129e+000
1.2018824617247981e+000  9.2000000000000060e-001  7.7837822363292508e+000
1.2149464015261546e+000  9.3000000000000060e-001  7.7927393504422016e+000
1.2280103413275112e+000  9.4000000000000061e-001  7.7781337797645067e+000
1.2410742811288675e+000  9.5000000000000062e-001  7.7381803640362623e+000
1.2541382209302243e+000  9.6000000000000063e-001  7.6710584793595826e+000
1.2672021607315807e+000  9.7000000000000064e-001  7.5749194879925152e+000
1.2802661005329372e+000  9.8000000000000065e-001  7.4478951989452646e+000
1.2933300403342938e+000  9.9000000000000066e-001  7.2881073596459123e+000
1.3063939801356501e+000  1.0000000000000007e+000  7.0936781846050900e+000
1.3194579199370067e+000  1.0100000000000007e+000  6.8627419102856635e+000
1.3325218597383632e+000  1.0200000000000007e+000  6.5934573463254376e+000
1.3455857995397198e+000  1.0300000000000007e+000  6.2840213720006810e+000
1.3586497393410761e+000  1.0400000000000007e+000  5.9326833035930893e+000
1.3717136791424327e+000  1.0500000000000007e+000  5.5377600334852506e+000
1.3847776189437893e+000  1.0600000000000007e+000  5.0976518158227124e+000
1.3978415587451456e+000  1.0700000000000007e+000  4.6108585470400643e+000
1.4109054985465024e+000  1.0800000000000007e+000  4.0759963631596952e+000
1.4239694383478587e+000  1.0900000000000007e+000  3.4918143503549937e+000
1.4370333781492153e+000  1.1000000000000008e+000  2.8572111417323631e+000
1.4500973179505718e+000  1.1100000000000008e+000  2.1712511526042366e+000
1.4631612577519282e+000  1.1200000000000008e+000  1.4331801897034646e+000
1.4762251975532847e+000  1.1300000000000008e+000  6.4244015782193298e-001
1.4892891373546413e+000  1.1400000000000008e+000  -2.0131741881347365e-001
1.5023530771559979e+000  1.1500000000000008e+000  -1.0982193426673059e+000
1.5154170169573542e+000  1.1600000000000008e+000  -2.0481604310239709e+000
1.5284809567587108e+000  1.1700000000000008e+000  -3.0507952051442189e+000
1.5415448965600673e+000  1.1800000000000008e+000  -4.1055318160713945e+000
1.5546088363614237e+000  1.1900000000000008e+000  -5.2115284114896525e+000
